-3.4158e-02
-2.0204e-02
-5.3401e-01
8.5267e-01
-9.9462e-02
8.4362e-01
-3.7847e-02
-2.0929e-02
-9.5584e-03
8.0883e-01
-1.0947e-01
-3.9689e-02
-5.5859e-02
2.0983e-02
-3.3981e-02
-6.1764e-02
8.4922e-01
7.7256e-01
-3.3754e-02
-4.0008e-02
-3.6286e-01
-3.7465e-02
7.6252e-01
-3.7928e-01
8.3264e-01
7.7212e-01
-4.1302e-01
5.0579e-03
6.5158e-01
-5.7780e-02
-5.6071e-02
8.6331e-01
-7.3268e-02
-1.0417e-01
-7.0013e-03
8.4693e-01
8.4765e-01
-4.9473e-02
7.4659e-01
-6.3244e-02
8.0589e-01
-5.0187e-02
-5.0404e-02
-8.4421e-02
-6.1212e-02
-7.6988e-02
7.1228e-01
9.0140e-01
7.7467e-01
6.8361e-01
-1.3958e-02
8.1806e-01
8.1763e-01
7.6204e-01
9.3137e-01
-9.2029e-02
8.3645e-01
-4.0860e-02
8.4332e-01
8.8888e-01
-2.1825e-01
8.8064e-01
-7.6585e-02
7.8604e-01
-2.5002e-01
-9.0030e-02
9.0678e-01
-1.9788e-02
7.2025e-01
-6.5014e-01
8.5982e-01
-1.2293e-02
-4.7563e-02
8.1850e-01
-5.2376e-02
8.9482e-01
6.1406e-01
-4.9638e-02
-6.1410e-02
-7.1298e-02
7.8125e-01
-3.0410e-02
7.2683e-01
-6.3681e-02
-3.6787e-02
-8.7845e-02
-5.8191e-02
8.6972e-01
-3.6461e-01
-3.0792e-02
7.3070e-01
-2.3340e-02
8.7263e-01
8.4875e-01
8.7249e-01
7.5274e-01
-8.7097e-02
-2.5566e-01
8.7496e-01
8.9596e-01
-5.0692e-02
-9.9325e-02
-1.4748e-02
-9.7492e-02
6.8899e-01
8.1267e-01
7.2806e-01
7.7928e-01
-9.6576e-02
7.3141e-01
-5.0225e-02
-5.4866e-02
8.3322e-01
8.8713e-01
8.0389e-01
8.5541e-01
9.0006e-01
-3.1204e-02
7.7087e-01
8.5278e-01
-6.9805e-02
7.1311e-01
8.0993e-01
8.4630e-01
-4.8489e-01
9.2221e-01
-1.5629e-03
8.5249e-01
-3.8277e-02
8.2569e-01
-8.1285e-02
-4.8518e-01
-4.6415e-02
-4.4608e-02
-7.3182e-02
-2.8595e-02
8.3472e-01
-4.6233e-02
-3.6469e-02
-6.7945e-02
-5.9348e-02
-3.7784e-02
7.8834e-01
-4.9906e-02
8.8188e-01
-5.9107e-02
-6.0821e-02
7.6052e-01
8.5503e-01
8.7198e-01
8.4574e-01
7.9665e-01
8.1106e-01
-7.8490e-02
-6.0693e-02
-3.7533e-01
8.3409e-01
-3.1661e-01
-7.1221e-02
-8.7225e-02
-1.1446e-01
7.1413e-01
8.1111e-01
-3.2020e-02
7.9488e-01
8.3943e-01
8.6291e-01
7.0749e-01
6.2055e-01
-7.1269e-02
8.3923e-01
8.2243e-01
8.2115e-01
-8.6815e-02
-1.4016e-02
-7.8230e-02
7.2511e-01
8.4506e-01
-9.2790e-02
-8.0172e-02
8.3147e-01
-7.2710e-02
8.5852e-01
-4.5257e-01
-3.5532e-02
-7.3358e-02
-3.6842e-02
7.9025e-01
-1.2254e-01
-7.4926e-02
-2.5191e-01
-3.5943e-02
6.9259e-01
8.4473e-01
8.7137e-01
8.4389e-01
-9.5612e-02
-2.7852e-02
8.0288e-01
6.9406e-01
8.1946e-01
-5.2342e-02
-4.1940e-02
8.1398e-01
-1.0031e-01
-3.0735e-01
-7.8340e-02
-8.6146e-02
-7.6528e-02
8.6692e-01
7.1288e-01
6.6704e-01
-7.1734e-03
8.3738e-01
7.8751e-01
7.8395e-01
-5.6383e-02
-7.3644e-02
-5.5396e-02
-6.2022e-02
8.1462e-01
7.0782e-01
8.1772e-01
-7.5299e-02
-6.4617e-02
-1.6993e-02
5.9795e-03
-5.0094e-02
-5.3646e-02
-5.6035e-02
-8.1663e-03
8.8764e-01
-3.8881e-02
-7.6173e-02
-8.6908e-02
7.4292e-01
-4.6023e-01
8.5604e-01
8.1280e-01
9.1083e-01
-4.4308e-02
2.6038e-03
8.8190e-01
8.4369e-01
-8.5995e-02
7.9328e-01
-3.6449e-01
-6.1999e-02
7.6265e-01
7.0014e-01
-8.4446e-02
8.7085e-01
8.1736e-01
-6.5198e-02
2.8673e-01
8.6745e-01
8.9299e-01
-9.0309e-02
8.2532e-01
-4.3841e-02
-6.7875e-02
-5.7837e-02
7.1664e-01
8.2629e-01
7.9278e-01
8.2202e-01
7.9097e-01
-1.0610e-01
-5.9069e-02
8.1219e-01
7.7202e-01
-7.6199e-02
7.9569e-01
7.6363e-01
7.6390e-01
8.0862e-01
-8.7288e-02
-2.5890e-02
8.5723e-01
-6.3384e-01
8.4004e-01
-1.7682e-02
8.3169e-01
-5.8370e-02
-2.1096e-02
-4.0639e-02
-9.3149e-02
7.2551e-01
8.0503e-01
7.7178e-01
6.6940e-01
-2.6420e-02
8.2327e-01
-7.8902e-02
-4.7931e-02
-4.1392e-02
-2.3778e-02
8.1487e-01
-6.2313e-02
-4.5795e-02
6.5548e-01
-8.2918e-02
8.4281e-01
8.5454e-01
8.9194e-01
-5.0110e-02
8.5604e-01
8.4013e-01
-5.9879e-02
-4.2711e-02
-1.5282e-02
-9.9705e-02
-4.0032e-02
7.7602e-01
7.3035e-01
7.2729e-01
8.5004e-01
8.6991e-01
7.8973e-01
9.0233e-01
9.2673e-01
7.3736e-01
8.0034e-01
-6.9994e-02
8.3057e-01
7.5001e-01
8.1178e-01
-6.3358e-02
-9.2943e-02
7.2851e-01
8.7694e-01
-9.7780e-02
1.1170e-03
-3.4843e-02
3.2330e-01
8.7315e-01
-6.1136e-03
7.8875e-01
8.5212e-01
7.6156e-01
-3.8363e-02
8.8978e-01
-7.4149e-02
7.1919e-01
-6.8389e-02
8.7434e-01
8.4378e-01
-7.8772e-02
-7.3213e-02
7.3086e-01
5.9706e-01
7.8761e-01
8.1294e-01
8.2534e-01
-6.9079e-02
9.2151e-01
-1.3305e-03
7.7460e-01
-4.6898e-01
-4.6819e-02
8.1941e-01
8.6106e-01
7.3550e-01
-3.7080e-01
-2.4229e-02
6.7772e-01
-4.0060e-02
7.6296e-01
-5.4956e-02
-5.3056e-02
-5.1832e-03
8.3183e-01
-1.0608e-01
8.1108e-01
7.7865e-01
7.4685e-01
-4.4223e-02
7.0637e-01
-9.7490e-02
-3.2102e-02
-6.0568e-02
-9.5921e-02
-5.5008e-02
8.2533e-01
8.4290e-01
7.3965e-01
7.6267e-01
7.6413e-01
8.2106e-01
8.2012e-01
-5.3077e-01
9.0158e-01
9.0150e-01
-3.3305e-02
-9.9448e-02
-7.4836e-02
9.0645e-01
-3.4748e-03
-1.0170e-01
-3.0454e-02
6.9812e-01
-6.1022e-02
7.7580e-01
8.3143e-01
7.5817e-01
8.6586e-01
8.4174e-01
-4.7367e-02
8.0422e-01
8.4457e-01
8.5951e-01
-4.6826e-02
7.5865e-01
8.3153e-01
7.4491e-01
8.1890e-01
8.0448e-01
8.8198e-01
-2.8138e-02
8.4007e-01
-5.6844e-02
-8.4643e-02
9.3738e-01
-3.9176e-01
-3.5519e-02
8.8262e-01
7.6464e-01
6.7483e-01
-4.1087e-02
-8.6407e-02
-3.2296e-02
7.8217e-01
-1.8470e-01
8.6381e-01
-4.0144e-01
7.5616e-01
-5.5119e-02
-5.0865e-02
8.6738e-01
8.7393e-01
-5.6467e-02
8.8432e-01
8.0374e-01
8.4078e-01
8.1862e-01
-5.4247e-02
-1.3578e-01
8.3625e-01
8.9635e-01
7.4665e-01
8.0073e-01
-4.1269e-02
8.8860e-01
8.4167e-01
-4.4126e-02
7.9165e-01
8.0300e-01
-7.1814e-02
-2.4480e-02
-1.0316e-01
-4.2424e-01
-5.3636e-02
-2.3228e-02
-2.7819e-01
7.1777e-01
7.2780e-01
-5.6426e-02
-2.5563e-02
6.1276e-01
-6.3837e-03
-3.3177e-02
-7.1072e-02
-5.1897e-02
-4.1466e-02
8.7129e-01
-6.2377e-02
-6.2509e-02
8.0838e-01
-3.9378e-01
-5.1205e-02
7.7160e-01
7.1513e-01
8.5790e-01
-4.9824e-02
7.1543e-01
-7.2121e-02
8.0954e-01
7.3356e-01
-5.8983e-02
-1.0300e-01
6.3428e-01
8.0179e-01
-2.2774e-02
8.9423e-01
7.0518e-01
-3.8304e-02
7.3959e-01
7.7007e-01
-4.4035e-02
7.9922e-01
7.4443e-01
-1.3308e-03
7.2255e-01
8.8558e-01
-5.7637e-02
8.2192e-01
-5.4938e-02
-5.2247e-02
8.6571e-01
8.7084e-01
8.1861e-01
6.3705e-01
