4.2112e-01
-2.0178e-01
-3.2280e-01
-1.4545e-01
2.8255e-01
4.2236e-01
4.0672e-01
4.2663e-01
4.1520e-01
3.0232e-01
2.5779e-01
-1.3754e-01
-1.4659e-01
-1.7970e-01
3.3065e-01
-2.4914e-02
-1.5798e-01
1.8982e-01
-2.0989e-01
-6.6876e-02
-2.0381e-01
-3.4621e-02
-1.7776e-01
4.4619e-01
2.5011e-01
4.2141e-01
2.5130e-01
2.9642e-01
2.5904e-01
-1.9871e-01
3.0736e-01
4.0929e-01
3.1024e-01
4.1869e-01
3.9859e-01
1.7571e-01
-1.6168e-02
3.9845e-01
-2.0152e-01
-1.9472e-01
4.4026e-01
2.7003e-01
3.0105e-01
-1.6533e-01
4.1337e-01
2.1368e-01
-1.1664e-01
-1.7477e-01
4.2233e-01
-1.7027e-01
4.4068e-01
-1.6672e-01
4.2100e-01
2.6029e-01
3.9538e-01
2.3962e-01
4.2009e-01
4.0428e-01
3.1434e-01
-1.9189e-01
-2.1899e-01
3.0207e-01
4.2950e-01
4.5120e-01
4.2807e-01
4.0980e-01
-2.1928e-01
3.5823e-01
3.3166e-01
-2.3654e-01
-2.4156e-01
4.1722e-01
3.1893e-01
3.3191e-01
-2.2023e-01
2.9049e-01
-1.7982e-01
2.4328e-01
3.6180e-01
2.7733e-01
4.2822e-01
3.0671e-01
-2.0080e-01
2.9979e-01
-2.4294e-01
4.4034e-01
-2.2938e-01
-2.1202e-01
-2.4001e-01
2.2644e-01
-5.6523e-02
-1.8513e-01
-9.6394e-02
4.1544e-01
4.6924e-01
-2.2881e-01
-1.5639e-01
-1.4025e-01
2.6608e-01
3.7998e-01
-1.2771e-01
2.1451e-01
3.2673e-01
-1.9664e-01
-2.0089e-01
2.8693e-01
-1.9892e-01
-2.3098e-01
4.0950e-01
3.6260e-01
-1.5794e-01
2.4968e-01
2.6151e-01
-7.0956e-02
-2.2007e-01
4.1370e-01
2.7759e-01
3.1222e-01
-2.0646e-01
-7.2581e-02
4.3046e-01
3.9020e-01
2.1928e-01
-1.8211e-01
4.2564e-01
3.8281e-01
2.9775e-01
-1.4728e-01
-2.2441e-01
-8.7735e-02
4.9097e-01
2.7510e-01
2.3963e-01
-2.1550e-01
3.8508e-01
-2.0266e-01
4.3600e-01
4.1564e-01
-6.6944e-02
4.2274e-01
4.7019e-01
2.8651e-01
-7.6676e-02
4.1952e-01
-1.8891e-01
-8.8673e-02
4.5749e-01
-5.9683e-02
-1.5932e-01
-1.2386e-01
-1.9781e-01
-2.4006e-01
-1.1246e-01
4.2149e-01
4.6617e-01
-1.9896e-01
4.2084e-01
2.9362e-01
2.0362e-01
4.6586e-01
-1.2153e-01
-2.5284e-01
-2.2795e-01
4.2032e-01
-1.9744e-01
-6.8822e-02
3.5099e-01
-2.3246e-01
-2.3860e-01
-1.3338e-01
3.0896e-01
2.8407e-01
2.9630e-01
-2.3951e-01
2.9567e-01
1.8964e-01
2.2853e-01
-1.8887e-01
3.7084e-01
-1.2882e-01
3.8177e-01
3.8904e-01
-1.6838e-01
2.7031e-01
3.5086e-01
3.0000e-01
-2.0812e-01
-1.9501e-01
4.2187e-01
-2.9204e-01
2.5359e-01
-3.6959e-02
-1.2836e-01
3.4200e-01
2.9937e-01
-7.6939e-01
4.4228e-01
-1.3523e-01
-2.1043e-01
-2.3737e-01
2.1463e-01
4.6383e-01
2.7439e-01
4.3347e-01
-2.2014e-01
2.8594e-01
-6.6628e-02
2.2274e-01
-1.7239e-01
3.0420e-01
3.8649e-01
3.1044e-01
4.1761e-01
4.0697e-01
2.5914e-01
-1.7161e-01
-1.7018e-01
-2.1820e-01
-2.3123e-01
-2.1778e-01
3.8821e-01
-5.9278e-02
4.1380e-01
-7.6497e-02
3.7297e-01
-1.3841e-01
2.7906e-01
-1.7090e-01
4.1592e-01
2.0295e-01
4.0798e-01
-2.2819e-01
4.2492e-01
-2.3078e-01
-9.0104e-02
3.0859e-01
-2.5141e-01
4.0817e-01
4.1712e-01
4.3847e-01
3.3158e-01
-1.0292e-01
-1.2500e-01
-2.1726e-01
2.6592e-01
-1.7896e-01
2.6495e-01
4.0708e-01
4.2136e-01
-2.1687e-01
2.3129e-01
-1.5996e-01
2.7847e-01
3.4468e-01
1.8588e-01
-1.6509e-01
2.3170e-01
-1.2146e-01
2.9728e-01
4.7706e-01
-2.0706e-01
-7.8138e-02
-7.6314e-01
4.1796e-01
2.8218e-01
-1.7178e-01
-2.0703e-01
2.4081e-01
-2.0108e-01
3.5617e-01
2.2590e-01
-5.2301e-02
-2.3255e-01
4.1811e-01
4.2010e-01
-1.9926e-01
-1.8002e-01
-2.1491e-01
3.3539e-01
-1.9320e-01
-2.2910e-01
2.9659e-01
2.5767e-01
-1.2961e-01
4.4214e-01
-2.7806e-01
-1.9975e-01
-1.9708e-01
-2.0613e-01
-2.0268e-01
3.9611e-01
-1.6642e-01
3.1313e-01
-2.1608e-01
2.7894e-01
3.9890e-01
-5.4089e-02
1.1478e-01
3.8175e-01
3.6926e-01
-2.1502e-01
-1.7095e-01
2.7137e-01
3.1245e-01
-8.4218e-02
-1.8897e-01
-1.7853e-01
-1.7225e-01
-2.0118e-01
-1.8059e-01
-1.6796e-01
3.5213e-01
-1.4732e-01
3.8519e-01
3.9644e-01
2.3902e-01
-2.2499e-01
-1.3529e-01
3.8639e-01
2.2999e-01
4.2774e-01
2.9552e-01
4.3712e-01
3.0269e-01
2.6102e-01
-1.6497e-01
-1.2007e-01
-2.0142e-01
-2.1842e-01
2.4912e-01
-2.3251e-01
-8.2563e-02
4.5769e-01
-1.9867e-01
3.9520e-01
-1.9289e-01
-1.8089e-01
-2.3933e-01
-1.6837e-01
-2.1579e-01
-2.4941e-01
4.5484e-01
-1.8161e-01
3.3691e-01
3.9881e-01
-7.0722e-02
3.8199e-01
2.4602e-01
-1.6697e-01
-8.6450e-02
1.9929e-01
4.2689e-01
-2.5116e-01
-1.1291e-01
-1.7461e-01
3.3238e-01
-1.1263e-01
1.1783e-01
-1.6241e-01
3.8683e-01
3.4050e-01
-2.0900e-01
2.9195e-01
-1.7289e-01
2.5239e-01
-2.0973e-01
-2.0628e-01
2.4155e-01
4.2756e-01
-2.1160e-01
-1.6540e-01
-2.3423e-02
4.4228e-01
4.2080e-01
-2.2775e-01
-2.1406e-01
-1.4237e-01
4.1700e-01
1.9414e-01
4.3855e-01
4.8637e-01
-2.2075e-01
3.9041e-01
-2.1928e-01
3.2279e-01
-2.4633e-01
-1.9576e-01
3.3411e-01
-1.9914e-01
3.2433e-01
-2.1732e-01
4.5902e-01
-1.1222e-01
-2.1700e-01
4.3167e-01
-2.0240e-01
-1.3533e-01
-7.5431e-02
-2.0815e-01
4.3748e-01
-1.0716e-01
4.5657e-01
3.0412e-01
4.3965e-01
3.4203e-01
-2.3007e-01
-1.8898e-01
1.9678e-01
-1.6498e-01
-2.1052e-01
-2.3145e-01
2.3306e-01
-2.2398e-01
3.3933e-01
3.1218e-01
3.7980e-01
4.2888e-01
-1.5880e-01
-2.3237e-01
-1.9088e-01
2.8478e-01
-2.2813e-01
-1.8265e-01
3.4733e-01
3.6677e-01
-1.3849e-01
2.2779e-01
-1.7699e-01
-2.1628e-01
-1.7214e-01
3.0731e-01
-2.2412e-01
-1.8726e-01
3.0974e-01
3.8720e-01
-1.7259e-01
3.0699e-01
-2.3461e-01
3.9942e-01
-2.4529e-02
-2.2167e-01
2.5692e-01
3.1454e-01
3.4657e-01
4.5176e-01
2.8340e-01
-9.9908e-02
-1.6984e-01
3.9169e-01
-2.3758e-01
4.6370e-01
2.9580e-01
3.6352e-01
2.4246e-01
-9.4567e-02
3.0264e-01
2.8510e-01
-3.1529e-02
2.4425e-01
4.6106e-01
4.0363e-01
4.6717e-01
2.0577e-01
4.0006e-01
2.6228e-01
4.3427e-01
-1.5254e-01
4.7160e-01
-1.8733e-01
-1.9879e-01
-1.9323e-01
-1.6470e-01
4.2577e-01
3.4519e-01
2.2653e-01
-1.8839e-01
-1.7672e-01
1.9921e-01
3.0100e-01
2.7922e-01
4.4583e-01
-2.2470e-01
2.9802e-01
4.4063e-01
-1.9788e-01
-2.0415e-01
-2.4512e-01
3.1552e-01
2.8002e-01
3.3318e-01
-2.2640e-01
-1.5970e-01
-1.8808e-01
-1.8029e-01
-1.9662e-01
-2.0503e-01
-2.2525e-01
3.8272e-01
-1.3380e-01
-2.2852e-01
-2.2099e-01
-2.2208e-01
-2.2769e-01
-2.0609e-01
-1.6973e-01
-1.6725e-01
3.4205e-01
-2.1969e-01
-2.3508e-01
4.3638e-01
-2.2956e-01
-2.1277e-01
