3.2694e-03
-1.4050e-02
-6.9653e-03
1.5906e-03
-1.5355e-02
-4.2463e-02
-2.4724e-02
-1.6893e-02
2.6656e-02
-1.7609e-02
-4.7169e-02
8.7805e-03
-4.5900e-03
5.3388e-03
-5.7045e-04
-7.5966e-03
-2.0631e-02
-3.7226e-02
-3.3009e-02
2.7418e-02
-4.9061e-02
-3.3679e-02
-1.8668e-02
1.5855e-03
-2.2440e-02
-3.8050e-02
-5.5371e-02
-2.9217e-02
-2.7298e-02
3.5368e-02
1.8237e-03
-3.1517e-02
2.0118e-02
-3.4027e-02
-3.0424e-02
1.6480e-02
2.0644e-02
-1.8626e-02
-1.0435e-02
-8.4441e-02
2.1995e-02
3.8572e-02
-4.7348e-02
-7.1089e-02
3.5687e-02
-2.9839e-02
-2.8360e-02
3.1734e-03
-5.7789e-02
-3.6447e-02
9.0952e-03
-5.0090e-02
-2.2772e-02
1.4221e-02
-4.4419e-02
1.9869e-02
-1.5456e-01
-1.6416e-02
1.0096e-02
4.1457e-03
2.1459e-03
-3.3568e-02
-3.8832e-03
-9.2891e-03
-2.2863e-01
9.8011e-03
-3.0770e-02
-4.3409e-03
-3.1875e-02
3.5611e-02
3.2028e-02
-3.0698e-02
2.4817e-02
1.4480e-02
1.1562e-02
1.7788e-02
-4.6763e-02
4.5930e-02
-4.0710e-02
2.6106e-02
-3.8194e-02
-4.2782e-02
2.6449e-03
-3.6263e-02
1.9753e-02
-4.7272e-02
-3.8593e-02
-4.8307e-03
-1.0361e-02
-2.3897e-02
-3.6417e-02
-2.3137e-02
-2.3590e-02
3.8747e-03
7.2863e-03
-3.0882e-02
2.2762e-02
6.4539e-02
1.6741e-02
2.2584e-02
-5.3189e-02
-1.9254e-02
-1.1612e-01
1.7653e-02
-2.5814e-03
-3.0848e-02
4.9373e-02
-3.0294e-02
-4.1162e-02
-7.3577e-03
1.6433e-02
-2.2416e-02
-1.6854e-02
2.6692e-02
2.4358e-02
-2.3908e-02
1.7278e-02
-1.0657e-02
-3.9842e-02
6.5985e-03
-3.5620e-02
5.6858e-04
-3.9205e-02
4.2430e-02
-1.0296e-01
-3.1820e-03
5.4646e-02
1.1465e-02
-4.0385e-02
-4.7964e-02
-1.2062e-01
-3.1265e-02
2.0251e-02
2.1800e-03
-7.3840e-02
2.8593e-02
-6.3839e-03
1.8101e-02
4.0897e-02
-2.7322e-03
-4.1927e-02
1.7795e-02
-5.4046e-02
-2.0014e-02
-8.7934e-03
-6.3430e-03
-1.0008e-02
1.5421e-02
-1.5537e-03
-2.3587e-02
1.2174e-02
1.0117e-02
-1.1342e-02
-2.1582e-02
2.7521e-02
3.5661e-02
3.3307e-03
-2.9877e-02
-5.3926e-02
1.4631e-02
-2.1916e-02
3.5698e-02
-2.6659e-02
3.5301e-02
2.5467e-02
2.9790e-02
3.8521e-02
1.9992e-02
1.7507e-02
-3.4424e-02
1.0869e-02
-2.7717e-02
3.2875e-02
-2.0494e-02
-2.9777e-02
1.0978e-02
-2.9019e-03
-1.9546e-02
-1.4276e-02
-2.1386e-02
-4.2731e-02
-7.4738e-02
5.2495e-03
-7.2118e-03
3.8712e-02
-1.3521e-02
-5.0008e-02
2.8907e-02
7.4564e-03
8.4902e-03
9.9576e-03
1.4706e-02
-1.7420e-02
1.0952e-02
8.1002e-03
-5.1595e-02
2.6286e-02
1.9164e-02
1.2594e-02
1.0597e-02
-2.8647e-02
-2.8960e-02
-2.9236e-02
-2.3626e-02
-1.1043e-03
1.7731e-02
-1.7042e-02
5.5085e-03
-1.3820e-02
-2.3305e-02
4.7583e-03
-7.2891e-03
-2.9410e-02
3.8133e-02
2.9393e-02
2.2303e-02
-3.4558e-02
-3.7833e-02
3.1147e-02
-4.1997e-02
1.2599e-02
1.7017e-02
1.3580e-02
-6.1736e-02
9.4347e-03
-1.7717e-01
-1.0640e-02
-8.6021e-03
-2.6416e-02
3.9328e-03
-1.8442e-02
-6.1462e-02
-1.9825e-02
-4.2588e-02
-2.0220e-01
-5.4658e-05
-1.6431e-02
-2.1912e-02
-2.9822e-02
5.7015e-02
2.9956e-02
-9.1923e-02
6.5963e-02
-9.9504e-03
-5.5147e-02
-4.5802e-02
-2.4128e-02
-4.6325e-02
-3.0137e-02
-3.1385e-02
-3.1737e-02
-7.2033e-03
1.4213e-02
-3.2350e-02
-3.5398e-02
2.4965e-02
3.1467e-02
-2.4869e-04
-6.6548e-02
-2.4077e-02
-2.2359e-02
-3.4600e-02
-3.3969e-02
8.6332e-03
-2.7837e-02
-4.0689e-02
-3.1227e-02
2.5724e-02
-4.9288e-02
-1.6754e-02
9.9514e-03
-2.3260e-04
-1.9465e-02
9.3796e-03
-2.7257e-02
-3.9993e-03
1.1522e-02
-4.9940e-02
-1.2940e-02
-7.3745e-03
-1.4355e-02
3.6256e-02
-3.9872e-02
1.5112e-02
1.0743e-02
-4.7797e-02
-5.3556e-02
-8.3943e-03
2.0316e-02
-2.0640e-02
-4.2563e-02
-3.0567e-03
-4.6148e-02
-2.3711e-02
-1.9852e-02
-4.3293e-02
1.2741e-02
-5.5430e-03
1.9640e-02
7.0429e-03
-2.6283e-02
-5.0062e-02
9.3700e-03
-7.3766e-03
-3.4715e-03
6.5503e-03
1.3591e-02
-2.2639e-02
-4.5720e-02
1.8322e-02
-5.1841e-04
-1.9566e-02
2.9056e-02
-1.9822e-02
5.7575e-03
-2.1516e-02
-4.5277e-02
4.2959e-03
-1.8811e-02
-4.8642e-02
-1.2417e-02
-4.2744e-02
-7.6023e-03
3.3492e-02
-2.7388e-02
-1.1398e-01
5.9121e-03
-1.8824e-02
4.2589e-03
-8.7602e-03
1.7663e-02
-3.9586e-02
-4.2237e-02
5.2736e-03
9.4424e-03
1.0340e-02
5.8713e-02
-3.6959e-02
-3.8443e-02
6.6474e-03
-5.3459e-03
-5.1082e-02
2.7999e-02
-4.3232e-02
-8.2595e-04
3.2363e-03
-4.1882e-02
-1.0282e-02
-2.4194e-02
3.5047e-02
-8.7656e-02
1.6329e-02
1.9692e-04
9.2630e-03
-3.2529e-02
-6.4220e-03
-6.8287e-02
1.7900e-04
-1.4527e-01
-9.1954e-02
9.4292e-03
-5.8471e-02
-1.8501e-02
-5.7304e-03
-3.5656e-02
4.6582e-02
-1.7243e-02
2.9462e-02
-1.1688e-02
-5.6824e-02
-2.5501e-02
-2.2685e-02
-2.7658e-02
-8.5084e-03
-4.0639e-02
-3.1736e-02
-1.6591e-02
-1.2399e-02
-2.8275e-02
-1.0202e-01
2.0278e-02
-4.5140e-02
-1.2937e-02
3.2809e-03
1.9177e-02
-2.8129e-02
6.0332e-03
-2.5328e-02
-2.6283e-02
-1.5022e-02
3.0971e-02
-2.2086e-03
-2.3491e-02
4.1074e-02
3.5162e-03
-1.9753e-01
-3.5196e-02
4.3610e-02
7.2092e-03
-9.7736e-02
6.6402e-03
-1.0473e-02
3.5500e-02
-3.6927e-02
2.2490e-03
1.9983e-02
-1.6113e-02
-1.4077e-02
-2.2751e-01
-7.3108e-02
-4.1723e-02
-3.9806e-02
-4.4589e-02
-1.4279e-02
-1.7359e-02
-1.6314e-02
-2.1716e-03
-1.1636e-02
-7.3554e-02
-1.2830e-02
-2.8482e-02
-3.5204e-03
1.8716e-02
-3.9539e-02
-2.7250e-01
1.5235e-02
-1.2431e-02
7.6135e-03
-7.8211e-02
-4.5202e-03
4.8798e-02
2.7467e-02
-2.3377e-02
-4.1781e-02
1.4055e-02
-1.6252e-01
2.8229e-02
5.3112e-03
-2.6731e-02
-3.2121e-02
-9.0773e-03
6.0717e-03
-3.7840e-02
2.6410e-02
-2.7063e-02
-1.8971e-02
-7.6341e-03
2.4373e-02
-3.1952e-02
-1.3350e-02
-1.5037e-02
-2.4050e-02
-2.8348e-02
-2.5961e-02
-6.2272e-02
3.1331e-03
6.4091e-04
-3.8655e-02
-3.5748e-03
-4.9293e-02
3.3863e-02
-3.8359e-02
-3.0877e-02
-1.2084e-02
-3.9401e-02
8.6824e-03
-2.7154e-02
-2.3995e-02
-4.0616e-02
-1.7817e-01
2.0763e-02
-1.2821e-02
2.5185e-02
-1.2688e-02
2.0385e-02
6.8877e-05
-4.4352e-03
-6.6856e-03
-4.5623e-02
-1.4673e-02
-5.5946e-02
-2.3594e-02
-1.8439e-01
2.6785e-02
-1.8186e-02
7.5076e-03
-8.5191e-03
5.3176e-03
-3.1799e-02
-2.7992e-02
4.7247e-02
-2.3703e-02
-4.3982e-03
-6.5856e-02
-1.0003e-02
2.4971e-02
-3.7301e-02
-5.5000e-03
-3.1607e-02
2.3250e-02
1.2677e-02
-5.5032e-02
-1.2566e-02
-1.3596e-02
-8.2663e-02
2.4114e-02
1.8965e-02
2.9713e-02
-1.4026e-01
-2.4609e-02
1.3764e-02
-3.4404e-02
