3.3995e-04
2.7769e-02
-6.2957e-02
-5.1870e-04
-1.7904e-01
2.7187e-02
3.5773e-02
-9.5518e-02
-1.5163e-01
4.5424e-02
-8.1016e-02
-7.7336e-02
-2.4245e-02
-2.9434e-02
-8.0587e-02
-2.1116e-03
-1.2890e-01
2.9328e-02
3.9288e-03
-1.1856e-02
5.6969e-02
-1.5728e-02
-6.9178e-02
-1.6760e-02
3.1961e-02
-2.2985e-02
-2.6139e-02
-4.1880e-03
-7.2330e-02
-5.1208e-03
-2.4256e-02
1.1701e-02
-7.8665e-02
-8.5276e-02
-1.6988e-02
1.1693e-02
3.2148e-02
-3.8501e-02
4.1411e-03
2.0987e-02
-6.8797e-02
2.3941e-02
4.5412e-02
1.7129e-02
3.3187e-02
-6.1150e-02
8.0997e-03
-4.8921e-02
-7.1578e-02
-4.2309e-02
3.6572e-02
-5.0951e-02
-1.1549e-02
2.7807e-02
-8.7775e-02
-1.0602e-01
-7.5240e-02
-3.8279e-02
-2.0717e-02
-4.9919e-02
-1.2735e-02
1.5140e-02
-4.4486e-02
-5.3199e-02
-5.3846e-02
5.6649e-02
-1.1183e-03
1.6875e-02
-6.7191e-02
-4.3359e-02
-3.5948e-02
-8.7482e-02
-2.9187e-02
-3.8485e-02
-3.6161e-02
-8.5762e-02
4.6946e-04
-4.2113e-02
-4.3754e-02
2.8703e-02
-3.4367e-02
4.9190e-02
2.9214e-02
-1.8813e-02
2.4051e-02
5.9735e-02
-3.5511e-02
-6.8898e-02
-5.0569e-02
-2.8327e-02
-9.2910e-02
2.0739e-02
-3.6667e-03
-5.8127e-02
1.8005e-03
-4.3337e-02
2.8525e-03
1.7100e-02
-5.6793e-02
3.3342e-03
-3.8658e-02
-3.6455e-02
-7.5340e-02
4.5134e-03
-3.4688e-02
3.3758e-02
-6.8362e-03
1.6056e-02
-4.1741e-03
-3.6461e-02
2.1633e-03
-9.1302e-02
-4.2053e-02
-1.3494e-02
1.9211e-02
-2.1611e-02
1.8606e-02
-4.9432e-02
-8.8885e-03
-1.2554e-01
5.2269e-02
-3.4901e-02
-3.4017e-02
-3.1204e-02
-5.4630e-02
-2.0388e-02
-1.2431e-02
1.6183e-02
-1.3177e-02
-1.0010e-01
-7.9379e-02
2.0636e-02
-4.1942e-03
6.3133e-02
4.8342e-02
-6.0672e-02
3.0102e-02
-5.2419e-02
-6.1429e-02
-2.9232e-02
-6.9142e-02
-2.1991e-02
-1.3337e-01
-1.9461e-02
-1.0928e-01
-3.8208e-02
-2.9370e-02
-3.0056e-02
-3.1540e-02
-5.4345e-02
-1.0105e-02
1.6712e-02
-7.1488e-02
-2.4473e-02
-5.8383e-02
-4.3949e-02
-3.0812e-02
-5.5420e-02
-4.1284e-02
-6.8131e-02
-2.5019e-02
-8.5097e-02
-9.4052e-03
-5.0392e-03
-3.5185e-02
4.8684e-05
-4.8773e-02
4.6294e-03
-2.9238e-02
-3.2142e-02
-3.8247e-02
-7.8964e-02
8.6560e-04
4.3697e-02
-2.1254e-03
-3.3684e-02
-4.3843e-02
-5.0241e-02
-1.9532e-02
-6.3286e-02
-2.1574e-02
1.3268e-02
-3.8563e-02
-5.5618e-02
-2.4841e-02
-1.6314e-01
-1.1440e-01
-1.0561e-02
-8.1497e-02
4.2094e-03
-2.7480e-02
-2.0884e-02
-3.4114e-02
1.8523e-02
-1.1170e-01
-3.0051e-02
1.2523e-02
-4.3964e-02
1.4487e-02
2.0628e-03
-1.7805e-02
-7.6327e-03
-1.1293e-03
7.5595e-04
2.3171e-02
-1.6323e-02
-2.1758e-02
-5.8574e-02
-3.8261e-02
-2.9571e-02
-1.1901e-01
-4.8617e-02
-2.3074e-02
-4.1806e-02
-9.5713e-03
-7.1680e-02
-4.1845e-03
-5.5710e-02
-2.5412e-02
1.6382e-02
-5.6526e-02
-4.5802e-03
-6.5259e-02
2.8987e-03
5.9916e-03
-6.9679e-02
-1.2501e-01
-7.6972e-02
-3.4141e-02
-3.7972e-02
9.5547e-02
-8.8674e-02
-1.6780e-01
-1.8203e-03
2.8268e-02
3.0986e-02
-5.5886e-02
-8.0338e-02
8.1683e-02
-4.3550e-02
-6.8048e-02
-5.7530e-02
3.3508e-02
-5.6812e-02
-5.6812e-02
1.9860e-02
-4.0464e-02
-4.7485e-02
-4.5642e-02
-1.4830e-01
2.9412e-03
-6.2387e-02
4.7123e-02
-9.7230e-02
-1.8023e-02
-7.7523e-02
-2.1090e-02
-1.1785e-03
3.0142e-02
-2.6263e-02
-9.1033e-02
1.4529e-02
-1.5840e-04
-1.2245e-01
1.0621e-02
1.6023e-02
-5.8450e-03
-3.5359e-02
-1.8971e-02
5.2400e-03
-2.2455e-02
-7.1727e-02
-4.7343e-02
-1.4470e-02
3.4722e-02
-4.3104e-02
-3.7345e-02
4.0135e-02
-5.2160e-02
9.9840e-03
-8.0633e-02
-1.3447e-01
4.7773e-02
-2.9731e-03
-8.9343e-03
2.7949e-02
1.1154e-02
-3.3146e-02
7.4095e-02
1.6284e-02
-4.8970e-02
-4.6274e-03
-5.1694e-02
-1.9310e-02
-7.0606e-04
-8.1711e-02
-9.4292e-03
-5.9296e-02
-5.0523e-02
-2.1668e-02
-8.0354e-03
2.9995e-02
-4.6745e-02
9.7063e-03
6.7888e-05
-1.0145e-02
-4.8764e-02
-7.2582e-03
-1.7824e-02
-5.7034e-02
-1.1430e-01
-6.4630e-02
-6.4494e-02
-8.7880e-02
-6.7245e-02
5.3942e-02
-2.1280e-02
1.3326e-02
-1.0235e-02
-4.6195e-02
-6.1105e-02
2.9846e-02
2.0441e-02
-1.7838e-02
-6.9102e-02
-2.1496e-02
-5.8403e-02
-6.8011e-02
-1.2668e-01
-5.0875e-02
-5.1085e-02
7.2416e-04
-5.1603e-02
6.4993e-02
-4.7897e-02
-2.6478e-02
-4.5509e-02
-4.6744e-02
-9.8605e-02
-1.5571e-01
-3.3275e-02
-1.0144e-01
-9.1101e-02
-1.1793e-01
-8.0629e-02
-6.3297e-02
-1.9080e-02
-9.4677e-02
-3.7685e-02
-4.1963e-02
-5.1536e-03
-3.4226e-02
5.5557e-03
-1.0495e-01
-4.8943e-02
-2.8126e-02
1.3966e-02
2.3186e-02
2.8092e-02
-3.5205e-02
1.7791e-02
-6.8361e-02
-1.6018e-01
2.2089e-03
2.6061e-02
-7.6153e-03
-5.1336e-02
-2.4727e-02
-9.1266e-02
-3.5211e-02
6.0265e-02
7.1099e-03
-2.6014e-02
-2.0856e-02
-5.6881e-02
6.2063e-03
-1.8373e-02
4.8100e-02
-1.2642e-01
-3.3787e-02
2.6673e-02
-2.4784e-02
-7.7504e-02
2.5555e-02
1.9667e-02
-1.8693e-02
-5.8508e-02
-7.0397e-02
-3.7502e-02
-2.1013e-02
-4.0531e-02
-9.1713e-02
7.6022e-02
-4.7750e-03
-5.0911e-02
-5.2365e-02
-6.4108e-02
-2.9011e-03
-2.1489e-02
3.0659e-02
-6.1705e-04
3.1841e-03
3.9163e-02
-9.9882e-02
-1.1159e-02
1.9077e-03
-5.8674e-02
-7.6954e-02
-2.4740e-02
2.1804e-02
-9.3430e-02
-8.8992e-02
-1.7184e-02
-4.9804e-02
-2.6567e-02
2.5188e-02
4.4057e-02
-3.7671e-02
-4.1511e-04
-5.0373e-02
1.6659e-02
-1.7536e-02
-4.4057e-02
-3.1962e-02
-6.8998e-02
-1.5604e-02
1.3158e-02
-4.7629e-02
-4.5195e-02
-1.0158e-01
-2.3254e-04
-6.9213e-02
-3.1525e-02
1.0263e-02
-5.4462e-03
-1.5318e-02
-2.3000e-02
6.1453e-03
-1.5106e-02
3.7355e-03
3.4561e-02
-1.2589e-02
1.8582e-02
-5.0834e-02
-9.0287e-02
-2.6565e-02
-1.0821e-01
-2.8167e-02
-4.8569e-02
-3.2861e-02
3.4203e-02
1.8089e-02
-3.0931e-02
-4.7447e-02
-1.2107e-02
1.7616e-03
-4.7003e-02
1.0102e-01
-1.0819e-01
-4.1189e-02
-1.4399e-02
-4.1084e-02
1.0755e-02
-7.3999e-02
-2.8149e-02
-6.0616e-02
-8.8290e-02
-4.4600e-02
5.6693e-02
-5.3407e-02
-3.7956e-02
-3.7568e-04
1.8327e-02
7.4405e-02
-5.3551e-02
-6.0262e-02
1.9421e-02
5.1441e-02
3.6161e-03
-3.0104e-02
-4.1159e-02
-4.8478e-02
1.6752e-02
-1.5110e-02
-3.4427e-02
1.0742e-02
-8.7215e-02
-9.0640e-02
9.4305e-03
-4.5666e-02
-3.8383e-02
3.3708e-02
2.1243e-02
-3.2650e-02
4.1799e-02
7.7095e-03
-8.1681e-02
-3.7529e-02
7.1308e-03
-4.8552e-03
-1.3119e-01
-1.0023e-01
3.4386e-02
1.2884e-02
7.3922e-04
-4.1279e-02
2.4144e-02
2.2076e-02
-2.5237e-02
-4.8889e-02
-1.0651e-01
-1.2835e-02
