-1.1841e-01
6.3279e-02
1.0694e-01
-1.5179e-01
5.3099e-02
-8.7181e-03
-8.8530e-02
-7.6583e-02
5.7917e-02
-2.4905e-02
-1.9491e-01
-1.2321e-01
6.4192e-02
3.7118e-02
1.2229e-01
6.8812e-02
-9.7170e-02
8.4066e-02
-1.9525e-02
-2.3929e-01
9.7733e-02
4.0281e-02
3.4680e-02
-2.2280e-01
-2.5232e-02
9.0996e-02
7.8237e-02
-1.1270e-01
-7.1406e-02
-1.0652e-01
-2.7889e-02
-1.0315e-01
-9.0129e-02
1.5453e-01
1.8981e-02
6.3379e-02
-1.8971e-01
9.1676e-02
9.0115e-02
3.1843e-02
7.5914e-02
-4.5216e-02
-7.6621e-02
8.1129e-02
7.5790e-02
-2.6296e-01
8.3040e-02
-1.5520e-02
4.4152e-02
-1.1473e-01
1.0364e-01
4.5270e-02
-3.9018e-02
4.3894e-02
1.1325e-01
8.4450e-02
-1.0771e-01
-1.1908e-01
9.4796e-02
-2.1272e-01
-1.1514e-01
1.8881e-02
6.6231e-02
-1.0029e-01
-2.3984e-01
-2.2243e-01
-1.0176e-01
6.2033e-02
1.6517e-02
1.1980e-01
-2.5051e-02
-2.4743e-02
-2.1109e-01
2.4829e-02
3.1384e-02
1.0357e-01
1.0241e-01
-6.5269e-02
-1.1224e-01
7.1868e-02
-7.9083e-02
7.1923e-03
-7.9619e-02
-7.4402e-03
-1.3347e-01
7.3437e-02
1.5315e-02
-2.0460e-01
5.0914e-02
5.1583e-02
-3.4105e-02
5.6008e-02
8.5605e-02
-1.5287e-02
8.5174e-02
4.0164e-02
3.0602e-02
-2.0512e-01
6.8996e-02
3.1947e-02
8.2669e-02
-4.6156e-02
-2.3079e-02
8.7003e-02
2.1164e-02
1.3047e-01
4.2606e-02
7.6112e-02
6.2317e-02
-9.1451e-03
-7.3262e-03
1.4319e-03
-1.4024e-01
-8.8460e-03
-9.7635e-02
4.8339e-02
4.0424e-02
-5.9508e-02
-6.7579e-02
1.1979e-01
7.7355e-02
-5.7887e-02
-8.2334e-02
-8.2577e-02
8.0106e-02
4.4487e-02
-4.0230e-02
9.9414e-02
5.0599e-02
5.4930e-02
-8.0444e-02
1.0461e-01
1.2741e-01
5.3185e-02
9.5813e-02
4.0883e-02
7.8265e-02
4.2142e-02
1.2054e-01
-1.4146e-01
1.1739e-02
-1.0149e-01
4.8569e-02
1.5564e-02
1.1854e-01
4.2413e-02
-6.3557e-02
-1.0336e-01
7.5575e-02
9.7281e-02
4.6550e-02
5.3060e-02
7.9083e-02
7.0379e-02
-5.1721e-02
-2.3358e-01
4.6500e-02
6.2027e-03
1.3854e-02
-6.2204e-02
-2.0276e-01
-1.5542e-01
-1.4344e-01
2.2894e-02
-1.4085e-01
1.2396e-02
-3.3038e-02
5.9432e-02
4.6252e-02
-1.0526e-01
-8.6358e-02
6.8439e-02
-1.2076e-01
-1.8881e-01
8.7101e-02
7.8804e-02
9.4374e-02
2.5984e-02
9.8830e-02
1.1006e-01
-2.4047e-01
7.5064e-02
3.9975e-03
-1.4957e-01
-5.3426e-02
-1.2549e-01
3.9847e-02
2.3058e-02
-6.6118e-02
6.5752e-02
-1.0584e-01
8.9797e-02
1.0139e-01
6.8841e-02
5.3383e-02
-2.4704e-02
4.1939e-02
5.3797e-02
-1.9870e-01
6.4248e-02
9.1521e-02
-2.7784e-02
-7.2822e-02
-1.0694e-01
-1.8914e-01
6.7423e-02
7.1665e-02
1.0556e-01
1.9208e-02
-1.7399e-01
-3.5685e-02
-1.3252e-01
-7.9859e-02
-2.1176e-01
-6.3080e-03
-8.0752e-02
8.9512e-02
1.2668e-01
7.3153e-02
-9.0262e-02
-4.5821e-02
-1.3767e-01
6.1787e-02
-1.4700e-01
5.6926e-02
-5.9533e-02
-9.2411e-02
2.9951e-02
-8.1070e-02
-1.0190e-01
3.9214e-02
1.0030e-01
1.3195e-01
3.3460e-02
7.5637e-02
-1.4252e-01
8.2067e-02
-1.7164e-01
7.5946e-02
-1.2684e-01
4.6592e-02
6.9334e-02
2.2991e-02
4.9838e-02
-8.7792e-02
-1.9692e-01
-7.9177e-02
3.3971e-02
9.1186e-02
8.6329e-03
4.6621e-02
-1.3666e-01
5.3288e-02
4.2284e-03
-3.2135e-03
-1.5152e-01
-1.1551e-01
6.8706e-02
-1.3252e-01
4.8273e-04
-2.2143e-01
6.5162e-02
-5.7687e-02
5.9100e-02
1.4257e-01
5.9820e-02
1.1793e-01
5.1408e-02
6.4855e-02
7.1778e-02
3.0934e-02
-1.0925e-01
7.4716e-02
-1.4073e-01
6.8156e-02
-9.8712e-02
9.7311e-02
-4.4085e-02
9.4272e-04
-1.4266e-03
5.4961e-02
-7.9939e-02
-1.0199e-01
-3.1898e-02
-2.4989e-01
1.0649e-01
5.9261e-02
4.7772e-02
-6.0398e-02
-4.5457e-02
3.8941e-02
6.0901e-03
-7.1500e-02
4.4648e-02
-4.6762e-02
9.1245e-02
-7.3951e-02
-1.6330e-02
-6.9794e-02
-3.4241e-02
3.2423e-03
3.1509e-02
-4.5054e-02
-5.8448e-02
5.1743e-02
1.2236e-01
3.0950e-02
-3.0136e-02
1.1424e-01
8.7743e-02
-7.6110e-03
-5.1466e-03
-1.0384e-01
-3.2626e-03
6.0651e-02
-2.8276e-02
9.0996e-02
5.0038e-02
-5.1543e-02
-9.1226e-02
5.1686e-02
-2.5707e-01
1.5863e-02
3.6492e-02
-3.6645e-02
-1.8355e-01
1.2329e-01
7.2737e-02
-2.2969e-01
-1.1751e-01
-4.5363e-02
-1.6687e-01
5.3967e-03
-1.7964e-01
6.4737e-02
-1.6274e-01
5.6840e-02
-6.0806e-02
3.5126e-02
7.4905e-02
4.2019e-02
-1.6226e-01
5.9056e-02
-1.0686e-01
-1.7107e-02
-9.8594e-02
-6.3213e-03
-1.0889e-01
1.1649e-01
-1.9169e-01
6.2589e-02
-3.2386e-02
9.9625e-02
1.1409e-01
3.4207e-02
-8.3379e-02
-1.2669e-01
9.1180e-02
3.1865e-02
1.1174e-01
-1.7316e-01
5.6915e-02
7.1447e-02
9.1315e-02
2.3748e-02
-6.9280e-02
-1.2385e-01
3.7190e-02
-8.6666e-02
-1.6716e-01
-6.4854e-02
1.1820e-01
7.4052e-02
-4.2469e-02
-1.1678e-02
-1.6103e-02
3.4307e-02
4.7775e-02
6.4204e-02
-6.9761e-02
8.7236e-02
-1.8080e-01
-5.1298e-02
8.4602e-02
2.1678e-02
9.3601e-02
-7.8079e-02
1.3034e-01
1.1228e-02
4.9660e-02
6.1881e-02
-2.5014e-01
8.6412e-02
1.1809e-01
-1.8940e-01
9.0211e-02
8.9993e-02
-4.7013e-02
-6.8942e-02
-2.3681e-01
-1.1336e-01
-3.7403e-02
1.7442e-02
6.8776e-02
-9.9115e-02
5.4901e-02
-1.9876e-02
1.1894e-01
-1.2746e-01
1.1194e-01
1.1396e-01
6.4807e-03
2.1832e-02
1.3419e-02
-9.6913e-02
6.6822e-02
8.9306e-02
-5.6905e-02
5.0553e-02
-8.4973e-02
3.2055e-02
6.5285e-02
1.1820e-01
-1.1974e-01
-1.1472e-01
1.1103e-02
-9.5504e-02
8.2275e-02
-5.7349e-02
-5.4238e-02
-8.5916e-02
9.8330e-03
1.1416e-01
6.3518e-02
4.5371e-02
-1.0173e-01
-4.1992e-02
2.2549e-02
6.3084e-02
7.3185e-02
1.4677e-01
-1.3585e-01
1.6021e-02
-1.9232e-01
-4.8379e-02
-1.0033e-01
-1.2748e-01
1.0149e-01
2.8116e-02
4.3268e-02
5.0843e-02
5.6550e-02
4.8841e-02
5.9435e-02
4.7377e-02
1.0074e-01
-5.2601e-02
6.2226e-02
-1.1747e-01
6.0503e-02
6.4024e-03
3.0044e-02
1.1544e-02
8.0123e-02
-9.4174e-02
-1.9586e-02
-8.7664e-02
6.3850e-02
1.0442e-01
-5.1780e-02
6.4181e-02
8.5471e-02
-1.8910e-01
3.0244e-02
3.8200e-02
-1.0038e-01
2.0827e-04
-1.7164e-02
-3.2580e-02
-1.4231e-01
2.6055e-02
-2.1854e-01
1.0978e-01
-1.0546e-01
-1.4086e-01
-3.3059e-02
7.2012e-02
-1.2822e-01
7.5653e-02
-2.0501e-01
-3.4968e-02
7.1208e-02
-4.8360e-02
-9.2756e-02
-2.1728e-02
9.2560e-02
-5.7741e-02
5.2413e-02
4.7190e-02
-2.2864e-01
4.6157e-02
-5.4852e-02
9.8065e-02
4.9603e-02
6.1704e-02
9.1227e-02
1.2611e-01
9.4183e-02
-3.9653e-02
7.9200e-02
-7.3100e-02
-9.2862e-02
