1.8286e-01
-1.1978e-02
-2.5858e-01
2.6030e-01
6.8600e-02
1.2632e-01
2.9309e-01
-1.5313e-01
-2.7690e-01
2.0940e-01
-1.2782e-01
-1.7725e-01
-1.6566e-02
-1.1764e-01
-9.5770e-02
-2.2257e-01
3.4957e-02
2.3821e-01
1.2300e-01
3.2410e-02
3.8680e-02
1.6957e-01
-2.7132e-01
2.1499e-01
1.8991e-01
2.5236e-01
2.1573e-01
-2.6861e-01
-2.3076e-01
9.6695e-02
-1.1280e-01
3.0463e-01
1.7370e-01
-6.6442e-02
-1.1289e-01
-1.8580e-01
-2.0304e-01
2.8434e-01
-1.1810e-02
1.5788e-01
1.2420e-01
9.8952e-02
1.2393e-01
-1.8930e-01
-4.3532e-02
-3.1775e-01
4.9818e-02
-2.8463e-01
2.5474e-01
-2.7823e-01
-1.2723e-01
3.0946e-02
-3.1380e-01
-5.2315e-02
1.5426e-02
-1.1325e-02
1.4319e-01
2.5372e-01
2.3604e-01
2.4583e-02
-8.1015e-02
2.9770e-01
-3.5857e-02
-6.1887e-02
-2.1995e-02
-2.0649e-01
3.2941e-01
-1.1285e-01
-3.9042e-04
-7.5430e-02
-1.0910e-02
2.7268e-01
1.1161e-01
2.0869e-01
-6.6103e-02
-6.8089e-02
-3.0652e-01
-2.3744e-01
-6.8172e-02
-1.8259e-01
1.8648e-01
2.5917e-02
-9.6447e-02
2.5515e-01
-2.0213e-01
1.9193e-01
-2.8790e-01
-2.6586e-02
1.0067e-01
-1.4928e-01
-3.1520e-01
1.3584e-01
7.0325e-02
-1.2951e-01
1.7196e-01
-1.0966e-01
6.8106e-02
1.7760e-01
-6.5389e-02
2.5219e-01
-1.5930e-01
-2.2636e-01
6.5012e-02
4.7361e-02
-1.5358e-02
1.9917e-01
-7.4204e-02
6.5912e-02
1.5899e-01
1.7891e-01
-1.8982e-01
-3.2824e-01
2.7198e-02
1.3778e-01
-1.9314e-01
-1.8048e-01
1.5145e-01
-6.4998e-02
-1.5707e-02
4.6981e-02
1.1188e-01
-1.5856e-01
1.2462e-01
-1.6088e-01
1.9654e-01
6.8952e-02
2.2720e-01
-2.4772e-01
1.8554e-01
-2.9490e-01
-3.2318e-01
-7.4271e-02
-1.9053e-01
-3.4964e-01
-2.7147e-01
-8.5224e-02
-1.3277e-01
2.7593e-01
1.5281e-01
1.4989e-01
-2.4723e-01
-1.8353e-01
-2.9674e-01
1.7840e-02
2.1621e-01
2.1248e-01
-2.6493e-01
-3.3671e-01
-2.9994e-01
8.3208e-02
-2.9933e-02
2.2425e-01
-1.4598e-01
1.6563e-01
-3.0524e-01
1.0380e-01
2.4637e-01
-2.0086e-02
2.4203e-01
1.9595e-02
-3.5294e-01
-1.1836e-01
-8.2790e-02
-6.2476e-02
2.6780e-01
-3.4842e-01
-2.3728e-01
-1.0256e-01
-3.1045e-01
2.0443e-02
-1.8971e-01
-2.3392e-01
1.4752e-01
1.0520e-01
1.6878e-01
-4.0582e-01
-2.5471e-02
2.5957e-01
3.4157e-01
2.0102e-01
-2.3623e-01
2.6798e-01
2.7561e-02
-1.0246e-01
2.7616e-01
-2.2271e-01
-3.1376e-01
1.0967e-01
2.0467e-01
-1.3844e-01
-9.6958e-02
9.1994e-02
2.6761e-02
7.6071e-02
-2.0495e-01
-3.2409e-02
-7.5307e-02
1.0843e-01
-1.0168e-01
2.2301e-01
-2.3077e-01
8.6908e-02
-2.7224e-01
-2.3928e-01
7.2678e-02
2.8269e-01
1.1040e-01
3.0114e-01
-2.4542e-02
-6.3465e-02
1.8326e-01
8.0515e-02
2.5743e-01
-2.2957e-01
1.9757e-01
-3.0952e-01
2.0103e-01
2.0623e-01
3.0749e-02
-4.3142e-02
2.5440e-01
2.3088e-01
-9.3297e-03
1.8866e-01
9.6126e-02
1.6901e-01
1.4277e-01
5.6194e-02
-1.2198e-01
-7.2595e-03
1.2027e-01
-1.3221e-01
3.5881e-02
1.2733e-01
-2.8539e-01
-9.3234e-02
-2.7940e-01
-7.7550e-02
1.0949e-01
-2.5663e-02
-1.6119e-01
2.5870e-01
-2.2829e-01
2.1363e-01
-3.5772e-02
-2.1983e-01
-7.9366e-02
-1.2209e-01
8.7695e-03
1.8537e-01
-1.0650e-01
-5.0854e-02
-2.6834e-01
-5.0002e-02
-2.7229e-01
1.3597e-01
1.4274e-01
1.6510e-01
-5.5104e-02
-5.8738e-02
1.7096e-01
-1.5479e-01
1.4220e-01
1.6044e-01
-2.1409e-01
1.1794e-01
9.4705e-02
1.8748e-01
2.9154e-01
9.8082e-02
2.6037e-01
-1.1414e-01
-2.3648e-01
1.3827e-01
1.8554e-01
9.8559e-02
2.8109e-01
-1.3046e-02
3.2042e-01
7.0382e-02
4.4640e-02
1.8319e-01
1.3758e-01
5.9589e-02
-2.8500e-01
2.6623e-01
-2.5707e-01
-7.8001e-02
-3.9556e-01
-2.2506e-01
-1.4719e-01
-4.1408e-02
-2.7859e-03
-1.6789e-01
5.2024e-02
-2.3691e-01
-3.4095e-02
4.5052e-02
-2.6359e-01
-3.0903e-01
-5.9492e-03
2.6360e-01
-8.0483e-02
1.5087e-01
-4.6308e-02
-1.5626e-02
-6.3890e-02
3.0586e-03
-3.2507e-01
-3.5159e-01
-2.8050e-01
1.2494e-01
-4.2686e-01
2.1625e-02
-3.9337e-03
-5.2885e-02
1.6190e-01
1.7053e-01
-1.7745e-01
2.2778e-01
1.5566e-02
2.7521e-01
2.5740e-01
2.3724e-01
2.9885e-01
2.4697e-01
1.8590e-01
1.5947e-01
1.8695e-01
1.1086e-01
1.6547e-01
7.0916e-02
2.6222e-01
-2.6696e-01
-1.9558e-01
8.6371e-02
3.0460e-01
2.6918e-01
2.9909e-01
3.4074e-02
2.4941e-01
1.2749e-01
-1.4385e-02
2.0859e-01
-3.1537e-01
8.3947e-02
4.2300e-02
1.1510e-01
1.1150e-02
1.9767e-01
-2.2394e-01
4.7129e-02
-3.0848e-01
-1.4122e-01
2.2931e-01
1.5804e-01
1.2547e-01
-3.1816e-01
9.9807e-02
2.6546e-02
3.6953e-02
3.1895e-01
1.2574e-01
2.8225e-01
-3.0759e-01
5.4833e-02
6.8189e-02
-4.4005e-02
-2.7550e-01
-4.5232e-02
1.6743e-02
-2.5019e-01
1.2109e-01
-4.8670e-01
-2.7644e-01
1.0346e-01
-2.5127e-01
-4.9732e-02
-1.9728e-01
-4.1845e-02
2.8848e-01
2.8457e-02
1.5038e-01
-8.1735e-02
-1.6839e-01
2.7369e-01
-1.3853e-01
-1.0672e-01
2.1450e-01
-2.2543e-01
-2.1506e-01
-1.6260e-01
1.8733e-01
7.4167e-02
-3.3434e-02
-2.4372e-02
-2.5434e-01
-2.4837e-01
4.2825e-02
-1.2330e-02
1.8725e-01
-1.6129e-01
-2.6381e-01
1.0620e-01
1.7185e-01
3.0165e-01
-2.4268e-02
5.2818e-02
1.5914e-01
-2.3878e-01
1.5726e-01
2.0606e-01
2.5688e-01
2.1986e-02
-7.0228e-02
9.7527e-02
-1.3517e-01
2.5788e-01
-6.3027e-02
-3.4252e-02
-2.5614e-01
1.7200e-02
-1.7225e-01
2.0168e-01
-1.2576e-01
-9.2491e-02
9.0489e-03
-3.1469e-01
-6.4881e-02
-5.0511e-02
1.9597e-01
1.1841e-01
3.0038e-01
1.4540e-01
1.0367e-01
5.5878e-02
-2.0338e-01
-1.9837e-01
1.0771e-01
2.4580e-03
9.7207e-03
2.6374e-01
-1.3283e-01
1.0711e-01
1.7531e-02
-3.1662e-01
-2.6534e-01
-1.4325e-01
-1.6005e-01
1.8916e-01
5.6962e-02
-4.2590e-02
-1.4841e-01
-1.4798e-01
-2.3917e-01
-1.8507e-01
-2.4658e-01
1.6485e-01
-2.6885e-01
3.9780e-02
-1.9656e-01
9.5185e-03
1.9071e-01
5.6163e-02
-1.1421e-01
1.8980e-01
1.0450e-01
-1.5808e-01
-1.0524e-02
-3.3843e-02
2.9334e-01
-3.5314e-01
2.1255e-01
1.7776e-02
-2.8224e-01
-2.1768e-02
-1.0081e-02
-1.9739e-01
-1.0994e-01
-2.2648e-01
2.4273e-03
-3.0761e-01
-4.6943e-02
-2.5390e-01
-1.6677e-01
2.3156e-01
-9.4575e-03
-9.6083e-02
1.0075e-02
-3.4087e-01
2.0207e-01
1.2131e-01
2.3354e-01
-1.8183e-02
-1.6676e-01
-2.1881e-01
-2.1287e-01
-2.2790e-02
1.1844e-01
-2.3417e-01
4.2181e-02
2.9628e-01
1.0919e-01
-1.4107e-01
1.8164e-01
-3.1640e-01
-1.3113e-01
-1.7989e-02
-1.3061e-01
3.8948e-02
-1.6622e-01
2.7866e-01
