-8.5926e-02 -3.7687e-01 1.9459e-02 -4.5455e-01 1.0879e-02 -3.4208e-02 -3.9264e-01
-2.9330e-01 -3.0933e-01 -1.9673e-01 3.0913e-01 2.0850e-01 2.4604e-02 -2.9394e-01
2.0418e-03 -1.8174e-01 -2.2751e-01 8.7590e-02 6.2309e-02 1.4789e-02 -2.0680e-01
-1.8343e-01 -1.5308e-01 -1.5872e-01 6.2554e-01 -1.0973e-01 7.6822e-02 3.3044e-02
3.7888e-02 1.0607e-01 -2.9777e-01 -4.7676e-01 2.8092e-01 -1.1385e-01 2.1979e-01
1.9357e-01 2.3158e-01 -2.3514e-01 -4.3784e-01 -3.7489e-01 1.4766e-01 -6.9378e-02
-1.4443e-01 3.7726e-01 -4.4859e-02 1.0372e-01 -2.6680e-01 3.0991e-01 2.1192e-01
-3.2956e-01 1.7845e-01 2.3304e-02 3.4876e-01 -3.1723e-01 -1.4093e-01 -8.4453e-02
-8.2289e-02 2.0222e-01 -1.1618e-01 -2.7069e-01 1.2286e-01 -1.0235e-01 1.5089e-01
4.2544e-02 2.8142e-01 -6.6967e-02 2.7608e-01 -2.2274e-01 -1.4917e-01 3.5469e-01
-1.9079e-01 -2.7591e-02 -1.8159e-01 2.8152e-01 -1.0465e-01 1.3008e-01 4.7515e-02
-1.9972e-01 1.7319e-01 6.0356e-02 -5.5067e-02 -1.2742e-01 5.6613e-02 -2.6134e-01
-1.8881e-02 -1.2302e-01 2.1890e-01 -4.3381e-01 -3.1916e-01 -1.6656e-01 1.9314e-01
-4.7543e-02 -2.6134e-02 -4.4742e-01 -1.3362e-01 7.8091e-02 -7.3234e-02 1.0924e-02
-1.9372e-01 3.3453e-02 2.4133e-01 -3.7497e-01 2.9881e-01 1.5671e-03 -9.6619e-03
-1.9033e-01 1.8300e-01 -3.1149e-01 -4.7858e-01 -6.3717e-02 2.9920e-02 1.0239e-01
6.2588e-02 1.2037e-01 8.0129e-02 -4.4835e-01 -6.4334e-02 5.1708e-02 -8.9861e-02
-5.1506e-02 -3.4817e-01 -3.6120e-01 -2.5796e-01 -1.4635e-01 1.3529e-01 -4.7365e-01
-1.6757e-02 -7.8023e-03 4.7101e-01 -2.6578e-01 -1.4767e-01 8.4262e-02 -1.8620e-01
1.9588e-01 -3.4599e-01 2.8675e-01 -2.3215e-01 1.0255e-03 1.0427e-01 -1.6113e-01
-1.3820e-01 5.4382e-02 4.2163e-02 -5.0585e-01 1.4862e-01 2.1205e-01 -1.4198e-02
-1.7233e-01 -2.4675e-01 8.0653e-02 -4.1842e-01 -3.1584e-01 2.2253e-02 3.0651e-01
1.9204e-01 4.0970e-01 1.2126e-01 9.1445e-02 -3.2249e-01 -1.4788e-01 3.6067e-01
1.6332e-01 2.4147e-02 -1.1298e-01 4.5312e-01 -1.8244e-02 1.2111e-01 -1.7148e-01
2.1395e-01 4.0405e-01 2.8113e-02 -2.4884e-01 -1.7658e-01 -7.3754e-02 3.7860e-01
-5.3918e-02 -5.8753e-02 -1.4442e-01 5.2240e-01 1.0167e-01 -2.3846e-01 2.9810e-01
1.3590e-01 2.3576e-01 3.1027e-01 -3.8558e-01 -2.7610e-01 -2.9306e-02 2.3670e-01
2.3273e-01 -3.0311e-01 1.6812e-01 1.5107e-01 3.2075e-01 -2.3116e-01 3.1865e-01
6.2891e-02 7.4643e-04 -1.8215e-01 3.2137e-01 8.9849e-02 -1.6194e-01 4.5448e-02
-1.9187e-01 -9.3053e-02 -2.3028e-01 2.2300e-01 2.8054e-02 2.4764e-01 -6.9658e-02
-1.8611e-01 -1.2059e-01 -8.1241e-02 -4.8697e-02 1.3062e-02 -2.9089e-01 -1.5158e-01
1.9803e-01 3.6111e-02 1.2368e-01 3.5922e-01 4.1645e-01 1.1293e-01 2.6774e-01
-2.7452e-01 -2.6963e-01 -5.6585e-02 -3.4750e-01 -4.3224e-02 -8.2900e-02 -4.2998e-01
2.5327e-01 -2.0897e-01 -3.3439e-02 -2.9177e-01 6.1363e-02 -2.3705e-01 -3.3211e-01
-1.0265e-01 1.6302e-01 1.3875e-01 4.0839e-01 2.0260e-01 4.4942e-02 2.3201e-01
-7.5799e-02 -1.8081e-01 -1.4129e-01 -4.4788e-01 1.3451e-01 1.6392e-03 1.7676e-01
1.9157e-01 8.0828e-02 2.5663e-01 3.0092e-01 9.7793e-02 -1.2608e-02 -4.9463e-02
-2.5310e-01 -4.1042e-02 1.8116e-01 -4.5673e-01 -1.1050e-01 1.0956e-02 3.2353e-02
-1.6065e-01 -1.0709e-01 1.6335e-01 3.8046e-01 1.8096e-01 -1.7549e-01 1.1025e-01
-1.5669e-02 -1.8846e-01 -1.7193e-01 -1.1417e-03 -2.7822e-02 5.5992e-02 -2.6017e-01
4.8158e-02 -4.5729e-02 -1.5718e-01 5.2742e-01 2.4463e-01 -1.6063e-01 1.8802e-01
1.0811e-01 1.5366e-01 -9.4492e-02 1.4325e-01 3.1492e-01 -1.5954e-01 -2.8039e-02
5.1095e-02 -8.8887e-03 8.9226e-02 5.2528e-01 1.8224e-01 -2.6985e-01 1.6171e-01
1.4427e-01 2.1219e-03 1.7438e-01 -7.0341e-02 -2.9831e-01 -1.0700e-01 -4.0512e-01
1.7365e-01 1.4683e-02 -1.9109e-01 -4.1854e-01 -2.3075e-01 -1.9926e-01 -2.4046e-01
6.8405e-02 3.5344e-01 -2.0269e-01 -3.6890e-01 -2.5464e-01 -3.8946e-02 1.6953e-01
6.1898e-02 -3.0630e-01 -2.8244e-01 -2.1428e-02 -6.8953e-02 -8.1026e-02 -3.8551e-01
-1.4699e-01 2.7152e-01 -5.1085e-02 2.1281e-02 3.3388e-01 5.9619e-02 1.9969e-01
-1.6718e-01 2.9103e-02 3.3305e-01 1.1779e-01 4.6042e-02 2.0479e-01 -5.9575e-02
-1.5940e-01 -1.5870e-01 -2.8183e-02 -2.9178e-01 -2.1505e-01 -6.0429e-02 -5.7197e-01
9.9154e-02 -9.1149e-02 -1.0609e-01 -4.0952e-01 2.8370e-01 1.1426e-01 1.9936e-01
-2.3455e-01 -1.0625e-01 -3.2359e-01 -1.7810e-01 -3.3645e-01 -1.5332e-01 3.5127e-01
-2.2203e-01 6.1016e-02 -1.0209e-01 2.6566e-02 1.8850e-02 1.1481e-01 2.2625e-01
1.5991e-01 2.6536e-01 -3.0663e-01 2.3287e-01 -2.5817e-01 -5.8337e-03 2.2064e-01
1.3241e-01 2.2784e-01 4.7839e-01 -1.1170e-01 1.0147e-01 2.0672e-02 -2.0901e-01
9.7556e-02 -5.8549e-04 2.2561e-01 -5.8186e-01 -1.4650e-01 8.9806e-02 -2.0519e-01
-1.9201e-01 -1.9491e-01 3.6896e-01 -2.8340e-01 -1.0725e-02 3.8221e-02 2.6908e-01
2.0310e-01 -1.3904e-01 -2.6228e-01 -4.7722e-01 1.8769e-01 -1.9904e-01 2.3819e-01
-1.3267e-01 2.6438e-02 2.6954e-01 -4.5938e-01 -8.9810e-02 -2.1205e-01 -3.3441e-01
-1.6078e-01 -1.7408e-01 -2.4416e-01 -3.7824e-01 1.7162e-02 1.5104e-01 -2.2025e-01
1.0659e-01 5.7454e-02 -3.6327e-01 1.8278e-01 1.1239e-01 -1.0633e-02 2.3762e-02
1.1568e-01 -1.8039e-01 2.9396e-01 -3.7676e-01 1.5712e-01 -7.2678e-02 2.2560e-01
1.6754e-01 1.3902e-01 -1.7347e-01 3.7658e-01 2.7823e-01 -6.0201e-02 -1.4105e-01
8.8171e-02 -5.5721e-02 -2.5234e-01 1.7127e-01 -1.6249e-03 -6.5967e-04 4.1715e-02
-2.7134e-02 9.7973e-02 3.9684e-01 5.2421e-01 -3.9115e-02 8.7429e-02 2.9893e-01
3.5968e-02 -1.5639e-01 1.3432e-01 -5.7384e-01 -1.5967e-01 2.2155e-01 1.4866e-01
-2.7840e-01 -2.2202e-01 -1.6325e-01 3.4918e-01 1.4916e-01 8.3095e-02 -2.1434e-01
4.6675e-02 -2.8816e-02 -4.0248e-02 4.0105e-01 2.3420e-01 -1.5678e-01 -1.6724e-01
3.3826e-02 2.2576e-01 -1.9365e-01 1.4356e-01 -1.0905e-01 -2.8983e-01 -2.6053e-02
-5.1800e-02 -2.4590e-01 -1.1940e-01 -4.6152e-02 -1.8190e-01 8.7419e-02 2.2350e-01
-2.2570e-01 7.1946e-04 -3.2438e-01 -2.5453e-01 1.7187e-01 5.0774e-02 -3.2622e-01
-2.1452e-01 -2.5148e-01 -2.2121e-01 2.7173e-01 -1.7453e-01 1.4213e-03 3.0630e-01
4.3170e-02 1.6076e-01 -2.2492e-01 3.0282e-01 3.9205e-02 1.8024e-01 1.6099e-01
-2.1705e-01 -8.1294e-02 -1.6856e-01 2.8233e-01 1.9925e-01 -2.3276e-01 8.9817e-02
-2.2145e-01 -2.4841e-01 1.9153e-01 3.2610e-01 -1.2355e-01 -8.5065e-02 2.3095e-01
-2.3047e-01 8.5885e-02 2.1558e-01 -1.9908e-01 3.1276e-01 5.1998e-03 2.6372e-01
1.4904e-01 9.7025e-02 -5.9989e-02 -3.8260e-01 -1.5734e-02 -1.5585e-02 -2.4278e-02
-9.1491e-02 -1.7191e-01 2.6276e-01 -4.3669e-01 5.4598e-03 -3.2999e-02 2.3967e-01
1.6921e-01 -3.4867e-01 1.5290e-01 -2.0863e-02 8.7468e-02 -7.8178e-03 -2.7644e-01
-2.0348e-01 1.6092e-01 -2.1499e-01 -1.0979e-03 3.5137e-01 -6.7856e-02 3.2517e-01
-1.6957e-01 4.1202e-02 3.4475e-02 -5.6337e-01 -9.6581e-02 -1.8914e-01 -2.1337e-01
1.7669e-01 5.1906e-02 1.5265e-01 5.4097e-01 -1.3258e-01 -1.0610e-01 -2.9415e-01
1.0250e-02 8.8496e-02 2.2052e-01 4.6639e-01 -1.9272e-02 5.6109e-02 2.0916e-01
1.8221e-01 7.0307e-02 6.7644e-02 -7.0678e-02 3.9255e-01 -2.1522e-01 2.0939e-01
8.7245e-02 1.8616e-01 8.7404e-02 5.5073e-01 -2.0688e-01 9.5813e-02 -2.5541e-01
2.1826e-01 8.6753e-02 1.2932e-01 5.3591e-01 2.3906e-01 2.0411e-01 1.0992e-01
1.5211e-01 -4.1953e-01 1.7781e-01 3.4302e-01 -3.2964e-01 2.2361e-01 1.5058e-01
-1.1694e-02 -3.0284e-01 4.1899e-03 -3.2759e-01 6.7796e-02 9.0065e-02 -3.2693e-01
-1.6459e-01 4.0805e-02 -2.6119e-01 -2.4016e-01 -1.1745e-01 7.3541e-02 -8.7812e-02
-1.1106e-01 3.1300e-01 8.3933e-02 9.7320e-02 2.3457e-01 -2.1319e-02 1.0413e-01
3.4410e-02 -2.8058e-01 2.1060e-02 2.0690e-01 2.5608e-01 -1.8652e-01 -3.1870e-01
-2.8950e-01 -2.2867e-02 -4.1011e-01 -1.2373e-02 2.0346e-01 1.4924e-01 2.9924e-01
-6.2012e-03 -3.1737e-01 3.4854e-01 -1.1412e-01 -3.4300e-02 -5.1736e-02 2.6022e-01
2.0325e-01 3.8856e-01 2.1012e-01 -3.0764e-02 -7.3186e-02 -1.7992e-01 3.1262e-01
-2.8486e-01 9.7070e-02 -1.8478e-01 2.3180e-01 -2.0558e-01 -3.1283e-01 -2.6881e-01
3.5388e-02 -6.4479e-02 3.7260e-01 4.1158e-01 3.4408e-01 1.4872e-01 2.1245e-01
3.6806e-02 2.8249e-01 8.9271e-02 -4.1050e-01 -3.2292e-01 2.2952e-01 3.2109e-02
-1.8305e-01 -2.9801e-01 -1.6576e-01 -6.7816e-03 -2.8274e-01 -1.1081e-01 1.4473e-01
6.0196e-02 -3.9343e-02 1.7739e-01 1.8867e-01 4.4436e-01 8.7626e-03 -1.2702e-01
-9.9859e-02 -3.9015e-02 -2.1185e-01 -4.2891e-01 -1.6779e-01 1.2312e-01 -2.0662e-01
-6.8394e-02 -3.4131e-02 4.6255e-01 1.2856e-01 4.7791e-02 1.1784e-02 -2.0872e-01
2.1373e-01 -2.2530e-01 -1.4989e-01 1.0988e-01 -8.6826e-02 -2.3171e-01 3.0697e-01
-2.1903e-01 1.3987e-02 3.7878e-01 -3.9582e-02 -1.9230e-01 -1.0702e-01 -1.5047e-01
-1.4645e-01 2.7596e-01 1.3995e-01 -3.8882e-01 -1.6116e-01 1.2705e-01 2.2174e-01
-7.5573e-02 1.6399e-01 -2.6627e-01 5.4206e-01 -7.7268e-02 -1.1372e-01 -1.7659e-01
-8.6236e-02 -2.5613e-01 1.3369e-01 2.5037e-01 -2.9405e-01 -9.1450e-02 1.9466e-01
4.7575e-02 1.0056e-01 3.8185e-01 5.8967e-01 4.5358e-02 -1.3767e-01 1.2767e-02
1.7662e-01 -1.7453e-01 -4.6707e-01 -4.6474e-01 -1.6289e-01 1.9847e-01 1.9917e-01
2.3016e-01 9.8524e-03 2.4158e-01 1.2931e-01 -1.3321e-01 -1.2559e-01 1.2941e-01
1.6153e-01 -3.3145e-01 1.8720e-01 2.4668e-01 1.6039e-01 8.5928e-02 3.4837e-01
1.7347e-01 -3.4506e-01 -8.0107e-02 -1.8399e-01 1.6791e-01 -2.3253e-01 1.2844e-01
-8.1334e-02 -9.3587e-02 1.3396e-01 5.1599e-01 -9.1439e-02 1.8045e-02 -1.2631e-02
-1.5482e-01 1.5580e-01 -4.3421e-02 3.2883e-01 -3.2657e-01 2.2833e-01 -2.6889e-01
-1.1478e-01 -1.6636e-01 -8.6750e-02 6.7787e-02 1.6791e-02 -9.9408e-02 2.3111e-01
1.2159e-01 -2.8886e-01 6.8074e-02 -7.7817e-02 -1.2627e-01 -2.3626e-01 -4.6195e-01
1.6593e-01 -2.8681e-03 1.9894e-01 -5.0541e-01 -2.5581e-01 -6.4848e-02 -1.3243e-01
1.5605e-01 1.9367e-01 -1.4285e-01 -1.5221e-01 -1.3874e-01 -1.7452e-02 -4.9440e-02
-1.0815e-01 -1.3574e-01 2.5131e-01 -1.0828e-01 1.4375e-01 -2.6330e-01 1.8770e-01
-1.2037e-02 -9.8699e-02 3.5690e-01 6.3090e-02 -1.7023e-01 -3.3234e-02 -7.4593e-02
-2.5566e-02 1.0970e-01 4.5388e-01 2.1716e-01 2.7840e-01 -2.4382e-01 3.7281e-02
6.5500e-04 -2.7992e-01 -1.7807e-01 -2.0969e-01 -3.2429e-02 4.6839e-02 2.3741e-01
5.1248e-02 -6.5209e-03 2.2349e-02 -1.6364e-02 1.9957e-01 -1.3273e-01 -1.6168e-01
-1.0742e-01 -1.6071e-01 2.0668e-01 -4.3370e-01 -1.0882e-01 -8.2570e-02 3.3664e-02
-1.8989e-01 2.6385e-01 -1.2566e-01 -3.2022e-01 2.8556e-01 -2.5389e-01 2.2131e-01
-2.6448e-01 1.7796e-02 4.7180e-01 2.3951e-01 1.6570e-01 2.2550e-01 2.7073e-01
1.2960e-01 9.9595e-02 -1.7621e-01 4.9283e-01 -1.6377e-01 1.9653e-02 -3.1051e-02
1.9497e-02 3.0167e-01 -1.7295e-01 2.8761e-01 3.0150e-01 1.0905e-01 -9.3614e-02
1.8670e-01 8.5583e-02 -1.4395e-01 -5.1158e-01 -2.6213e-01 -7.7146e-02 -3.5425e-01
-1.4361e-01 8.2981e-02 -4.1993e-01 -4.9220e-01 3.1864e-02 3.5805e-02 1.5398e-01
9.8634e-02 -2.0313e-01 2.6853e-01 4.0034e-01 -8.8279e-03 -1.7967e-01 -2.1783e-01
-1.9246e-01 -1.4461e-01 -1.3920e-01 -2.4685e-01 1.3779e-01 -1.9224e-01 -2.6275e-01
-5.1820e-02 -2.9828e-01 -9.2143e-02 -4.2058e-01 -7.7743e-02 -2.1305e-01 3.3292e-01
9.4475e-02 7.0344e-02 -2.1691e-02 4.7024e-01 2.4912e-01 2.7865e-02 1.1759e-01
-2.3419e-01 3.1375e-01 5.2451e-02 -3.9426e-01 1.7306e-01 7.4673e-02 3.1566e-01
1.1420e-01 -2.4212e-01 3.7124e-01 4.8342e-01 -3.2318e-02 -4.2289e-02 -1.8199e-01
-1.2075e-01 2.6087e-03 -1.4170e-01 1.4870e-01 1.4715e-01 3.9191e-01 2.2093e-01
1.8643e-01 -1.5757e-01 2.2855e-01 5.2679e-01 4.1101e-01 2.3076e-01 2.2319e-01
1.4794e-01 -1.8193e-01 2.2806e-01 -4.3394e-01 -1.2958e-02 -1.2236e-01 1.0246e-01
2.5672e-02 2.4319e-01 -1.6663e-01 4.9020e-01 -1.1534e-01 -1.6668e-01 2.4035e-02
1.8680e-01 2.8518e-01 -1.0216e-01 -3.6277e-01 -3.8749e-01 -8.2235e-02 1.3850e-01
1.5717e-01 1.4389e-01 -9.1741e-02 3.6065e-01 -2.0631e-01 -1.7384e-01 -2.4548e-01
6.1114e-02 1.1933e-01 1.7150e-01 -4.9570e-01 -2.1807e-01 -2.6755e-04 -1.9766e-01
-1.2941e-01 2.0154e-01 -2.1200e-01 4.2203e-01 1.8903e-01 -2.6413e-03 3.4728e-01
-1.4928e-01 -3.1368e-01 3.4439e-01 3.2154e-01 1.8213e-01 -2.8245e-02 -3.1398e-01
-1.9948e-01 1.1821e-01 -2.9524e-01 -6.0801e-01 2.1908e-01 9.0642e-02 -6.1262e-03
-1.5355e-01 7.4630e-02 1.5251e-01 -2.0406e-03 -4.7242e-02 -5.1213e-02 -1.1828e-01
2.4966e-01 3.0415e-02 1.3493e-02 -3.0371e-02 7.5248e-02 -1.6374e-01 3.1542e-01
2.0421e-02 -2.8386e-01 -2.0619e-01 -4.8361e-01 1.1163e-01 7.5814e-02 -1.8720e-01
3.4832e-01 8.3520e-02 -1.1692e-01 -2.4159e-01 -1.5548e-01 1.0910e-01 2.4752e-01
1.2267e-01 -2.6038e-01 1.6068e-01 4.0800e-01 1.1297e-01 1.5953e-01 3.2255e-01
7.9551e-03 -1.3793e-02 2.7980e-01 3.5097e-01 -8.0916e-02 1.9221e-01 -3.2113e-02
-2.6485e-01 2.6426e-02 1.9033e-01 -3.4687e-01 1.5557e-02 -1.6902e-04 -3.2690e-01
-2.4774e-01 -2.3768e-01 1.0917e-01 2.7717e-01 -3.0372e-02 -1.5247e-01 2.4437e-01
8.3646e-02 -5.8855e-02 -1.7571e-01 1.9317e-02 3.5184e-01 6.9293e-02 4.6083e-02
3.0256e-01 2.1139e-01 -1.8304e-01 4.2965e-01 4.3957e-01 -1.7805e-01 -1.3185e-01
4.5056e-02 3.0147e-01 -3.4572e-01 -2.2448e-01 1.6748e-01 -1.8566e-01 -1.2856e-01
2.2015e-01 1.6448e-01 1.9249e-01 -5.5757e-01 5.5244e-02 -8.0446e-02 1.9780e-01
-2.2323e-01 -2.6885e-02 -1.2786e-01 4.9903e-01 1.9395e-01 -9.7720e-03 2.5782e-01
1.9181e-01 -3.1743e-01 -9.2857e-02 -3.7865e-01 -1.8193e-02 1.6478e-02 -2.4360e-01
-1.7989e-01 -3.9489e-01 -1.3041e-01 -1.4723e-02 6.2063e-02 7.8860e-02 -4.0275e-01
-7.5605e-02 2.6410e-01 2.3262e-01 -2.1562e-01 2.8925e-01 9.7945e-02 1.7657e-01
1.6835e-02 2.5863e-01 1.3088e-01 -5.2084e-01 -3.0227e-01 -2.1059e-01 -9.5851e-02
2.5700e-01 5.8390e-02 -3.0590e-01 -3.6632e-01 -2.1767e-01 7.5109e-02 -1.9595e-01
8.4327e-03 2.8473e-01 1.3111e-01 1.1896e-01 1.8805e-01 1.6500e-01 7.0334e-02
-2.3745e-01 -2.0335e-01 -2.2091e-01 -4.5243e-01 -1.6280e-01 -2.2309e-01 -3.9100e-01
2.2348e-01 6.6035e-02 7.7226e-02 -4.9859e-01 -2.1063e-01 -1.7412e-01 -1.7369e-01
2.8400e-01 1.7791e-01 1.0688e-01 1.5251e-01 -2.1943e-01 -1.1524e-01 1.7967e-01
-5.7662e-02 -2.8861e-01 -3.7535e-01 3.0345e-01 3.1373e-02 2.4802e-01 2.8874e-01
2.1183e-01 3.2544e-01 -1.0628e-01 2.9572e-02 -3.0181e-01 1.7701e-01 8.1701e-02
-6.7620e-02 -1.5824e-01 -3.5674e-01 -2.1466e-01 -1.5842e-01 6.8433e-02 2.4084e-01
-1.9719e-01 -8.5348e-02 -1.4431e-02 3.9987e-01 3.3982e-01 -1.2418e-01 1.5934e-01
2.1353e-01 -4.7682e-02 -4.4909e-01 3.5794e-03 2.1592e-01 2.1350e-01 2.4518e-02
-7.4320e-02 8.4218e-02 -2.3889e-01 1.2342e-01 -2.1747e-01 1.2854e-01 -3.7685e-03
-2.5556e-01 -8.3985e-02 -3.2011e-01 5.2821e-01 2.1015e-01 -8.0950e-02 -1.1381e-01
1.7869e-01 -9.4319e-02 -4.4905e-01 -3.7245e-01 1.6364e-01 -1.3644e-01 -1.0714e-01
7.4410e-02 2.3788e-01 -7.9356e-02 2.9063e-02 2.6078e-01 -1.3208e-01 -2.3745e-01
-1.9327e-01 -3.1599e-01 -1.4673e-01 -1.7996e-01 -1.8492e-01 2.3547e-01 2.7965e-01
-4.6640e-02 -1.8511e-01 -8.4818e-02 5.5208e-01 -9.5560e-02 1.8809e-01 7.7141e-02
2.1596e-01 -3.1111e-01 4.8116e-01 4.4309e-01 -6.3443e-02 -1.3750e-01 1.6801e-01
4.9240e-02 -1.0890e-01 -1.8817e-01 4.9674e-01 -9.6202e-02 -1.3340e-01 -2.9840e-01
-1.3256e-03 4.6000e-02 -2.4158e-01 5.6644e-01 3.7765e-02 1.4546e-01 -8.7874e-02
-1.7482e-01 1.6295e-02 -4.9443e-01 -2.1561e-01 2.6271e-01 -1.8628e-01 1.1047e-01
-2.1214e-01 -8.4237e-02 -1.1612e-01 -2.6526e-01 2.6669e-01 -1.0166e-01 8.1335e-02
1.1689e-01 1.4707e-01 2.3925e-01 -5.4115e-01 -5.8000e-03 7.6263e-02 -1.2522e-01
1.0715e-01 2.4173e-01 -3.0725e-01 -5.9048e-01 -1.7107e-02 3.7077e-02 -2.5362e-01
-1.5496e-01 2.4198e-01 1.4112e-02 -3.4851e-02 4.3105e-02 -3.0770e-01 -1.7583e-01
-3.2781e-01 -8.4154e-02 -1.8276e-01 3.1018e-01 1.1572e-01 6.6299e-02 2.5536e-01
2.2564e-01 2.1680e-01 6.8964e-02 2.2327e-01 -2.2263e-01 1.7978e-01 1.2604e-01
3.1401e-01 3.1377e-01 2.2287e-01 3.2363e-01 -3.7513e-01 -2.2583e-03 1.7389e-01
2.1116e-01 1.9447e-01 2.6716e-01 4.4616e-01 -1.3265e-01 7.9004e-02 2.9742e-01
-5.5650e-02 -8.6196e-02 3.3358e-01 -3.8501e-01 -1.8429e-01 -3.6986e-02 -1.1852e-02
-1.3769e-01 -1.3756e-01 -3.2519e-01 4.5204e-01 6.4247e-02 -1.7502e-02 -1.0825e-01
-1.7147e-01 -5.3615e-02 -9.7187e-02 -5.0227e-01 -4.8698e-02 -4.8899e-02 -2.2702e-02
2.0108e-01 -3.6896e-01 -1.7738e-01 -2.7509e-01 1.2210e-01 1.9925e-01 -2.4316e-01
2.0206e-02 -4.2316e-01 -1.4492e-01 -1.8050e-01 -3.6865e-01 -4.1270e-04 1.6383e-01
-2.2172e-01 2.3563e-01 3.1339e-02 -3.4454e-01 -1.3836e-01 -7.1766e-02 -3.4278e-01
-1.6871e-01 -2.1358e-01 2.8335e-01 -3.1892e-01 -4.9498e-02 5.3955e-02 1.0053e-01
-2.5609e-01 -2.5325e-01 1.2756e-01 4.6404e-01 -2.3258e-01 9.1509e-02 2.5066e-01
-1.9215e-01 -2.8943e-01 -2.6193e-01 2.9002e-01 9.6881e-02 -7.0499e-02 1.7389e-01
-2.3967e-01 -3.2287e-01 -1.0267e-02 -1.3603e-01 -4.2336e-02 -6.8824e-02 3.9608e-01
1.5043e-02 -5.1843e-02 1.9407e-01 2.9516e-01 -3.2721e-01 4.0711e-02 1.9506e-01
2.5373e-01 3.1943e-01 2.0227e-01 -4.3172e-01 -2.9687e-01 1.1681e-01 1.6724e-01
-1.7737e-01 4.2333e-01 -1.8071e-01 -1.4561e-02 1.6070e-02 1.0876e-01 1.3207e-01
1.3390e-01 -2.0559e-01 -3.0535e-01 3.1326e-01 -2.9478e-01 -1.5344e-01 -3.8855e-02
1.3371e-01 6.2156e-03 8.3087e-02 4.7141e-01 1.0876e-01 -1.6285e-02 1.2461e-04
8.4004e-02 2.7109e-02 2.9507e-01 4.2867e-01 -2.6762e-01 -1.9790e-01 -2.1233e-01
5.6821e-02 1.1543e-01 2.2871e-01 -4.2157e-01 1.3010e-01 -1.3875e-01 -2.0984e-01
-2.9318e-02 -1.1429e-01 3.1169e-01 3.6265e-01 -1.4492e-01 -5.3909e-02 -7.7945e-02
-4.0054e-02 2.7241e-01 5.4471e-01 1.0205e-01 4.3114e-01 2.2157e-02 -2.1780e-01
2.6265e-01 -2.1134e-01 4.0967e-02 -1.0338e-01 1.6489e-02 -2.8372e-01 1.3623e-01
2.6926e-01 1.1838e-01 1.6504e-01 -5.3630e-01 2.3546e-01 4.2706e-02 -8.1218e-02
6.3656e-02 8.0140e-02 -2.4060e-01 -3.5436e-02 2.1955e-01 9.0657e-02 -2.4545e-01
-2.7487e-01 -2.5754e-01 2.3653e-01 -4.4889e-01 -1.3271e-02 7.9591e-02 1.7523e-01
-3.6737e-02 1.8308e-01 1.9866e-01 -5.1862e-01 -4.2218e-02 -1.5254e-01 -1.4837e-01
-9.9289e-02 2.2703e-01 -4.1067e-02 -7.7799e-02 -5.9877e-02 2.1179e-01 -2.8349e-01
2.8838e-01 -1.4978e-01 7.9969e-02 -2.2038e-01 2.6426e-01 2.9202e-01 1.6326e-01
-1.8201e-01 2.0500e-01 -5.8226e-01 -3.5254e-01 -3.3607e-02 -3.5898e-02 -2.6732e-01
1.4737e-01 2.2332e-01 -4.4734e-01 -4.9042e-01 -3.5127e-01 -2.9251e-02 8.1249e-02
1.9629e-02 2.9242e-01 -9.6045e-02 4.7305e-01 -2.1244e-01 -5.6219e-02 -4.9682e-03
1.6741e-01 1.9338e-02 -1.6464e-02 -4.5579e-01 -2.0695e-01 1.2219e-01 1.7304e-01
6.9568e-02 -1.5077e-01 3.3081e-01 -5.0257e-01 -1.8680e-01 -2.6308e-01 -3.8669e-01
2.2577e-01 1.8439e-01 2.1592e-01 4.4044e-02 -2.5406e-01 -2.1412e-01 -5.3435e-02
-2.1630e-01 -7.3807e-02 1.6998e-01 -3.2519e-01 -3.0094e-01 2.2081e-01 -4.5820e-01
1.4350e-01 3.3092e-02 4.1091e-01 3.8025e-01 -2.4119e-01 -4.1184e-03 4.7068e-02
7.2194e-02 2.1864e-01 -4.9109e-02 5.3784e-01 3.3027e-01 -6.7051e-02 -6.2009e-02
-9.8623e-03 -5.6747e-02 1.8206e-01 -2.4954e-01 5.0823e-02 -1.1357e-01 3.3085e-02
1.7137e-01 1.1887e-02 8.8854e-02 -4.6890e-01 -4.1948e-02 -1.3361e-01 -9.4775e-02
-1.6040e-01 5.7518e-02 -1.1805e-01 -4.6785e-01 4.3768e-02 -9.5872e-02 1.8036e-01
-1.7171e-01 7.2413e-02 1.6695e-01 -5.5061e-01 2.8955e-02 2.5298e-01 3.0464e-01
8.8706e-02 1.4055e-01 2.9680e-01 -4.5482e-01 -5.4772e-03 -2.5138e-01 1.2610e-02
1.2607e-01 -2.3781e-01 -4.8388e-02 -4.5109e-01 -2.9215e-01 3.3553e-02 9.8444e-02
2.5977e-02 1.7206e-01 -8.7460e-02 3.1839e-01 -1.2450e-01 -1.6910e-02 -1.5052e-02
2.8108e-02 -3.4858e-02 -1.4806e-01 4.3030e-01 -1.1625e-01 -1.7794e-01 1.0868e-01
-1.8911e-01 -6.8077e-02 -6.7401e-02 4.0047e-01 -2.0008e-01 3.9744e-02 -4.6024e-02
2.9404e-01 2.4080e-01 2.2648e-02 -5.2170e-02 4.9351e-01 4.1716e-02 -1.2891e-01
-2.3416e-01 1.8745e-01 2.0533e-02 -6.8114e-02 -2.7749e-01 3.7846e-02 -1.2781e-01
-3.0235e-01 -7.2556e-02 2.7230e-01 3.4937e-01 3.1332e-01 -1.9554e-01 1.9385e-01
-8.4798e-02 3.3687e-02 3.7063e-01 -3.1230e-01 -4.3149e-03 1.1392e-01 1.4808e-02
-2.1186e-01 -1.8467e-01 -3.0824e-01 5.5875e-01 3.0433e-01 1.5176e-01 1.3204e-01
1.5066e-01 9.2680e-02 1.0380e-01 -6.1819e-01 -6.8271e-02 -6.1572e-02 1.6817e-01
1.4192e-01 -4.4173e-01 2.1878e-01 5.0287e-02 -1.1759e-01 -8.7024e-03 3.3007e-01
2.0841e-01 -3.0257e-01 2.9246e-01 -2.5666e-02 -1.2077e-01 -9.7579e-02 -3.8729e-01
1.8579e-01 2.0669e-01 -2.2956e-01 2.5212e-01 -3.1855e-01 1.7955e-01 -3.4675e-01
-2.1393e-01 3.0220e-01 -2.1600e-01 5.3479e-01 2.4659e-02 -1.0760e-01 1.9344e-01
-5.1089e-02 -3.2081e-01 1.2108e-01 -1.6337e-01 -2.2242e-01 1.3762e-01 -5.4896e-01
2.5832e-01 2.1148e-01 1.1980e-01 1.8138e-01 -1.1898e-01 2.0695e-01 1.5607e-01
1.2780e-01 1.0613e-01 8.1648e-02 -3.5440e-01 -2.5334e-01 -8.0498e-02 9.3820e-02
-1.1660e-01 -1.8162e-01 1.3650e-01 3.7070e-01 2.8724e-01 1.4671e-01 2.1440e-01
7.4460e-02 -7.8288e-02 2.4229e-01 -4.8630e-01 -9.4495e-02 1.8783e-01 -1.4143e-01
-3.3207e-01 -2.9326e-01 -3.5375e-02 1.7306e-01 -2.6763e-01 1.8024e-01 3.0136e-01
-8.5300e-02 -1.8239e-02 -1.0609e-01 5.1006e-01 1.6607e-01 -1.9567e-01 1.5078e-01
1.6896e-01 3.4700e-01 2.0651e-01 1.3925e-01 -3.2137e-01 -1.4155e-01 1.7798e-01
4.1253e-02 1.7870e-01 -9.0399e-03 4.0848e-01 -8.9737e-02 1.7135e-03 1.8259e-01
6.4188e-03 -9.3431e-02 1.1963e-01 -4.3800e-01 -1.9763e-01 1.0773e-01 -1.4614e-01
3.3150e-02 3.3736e-01 1.4961e-01 1.5186e-02 -2.9102e-01 -4.7480e-03 2.7878e-01
2.1863e-01 -1.8031e-01 2.3866e-02 5.6774e-01 3.6609e-01 -5.6176e-02 1.3900e-01
-1.3587e-01 3.6036e-01 2.4513e-01 -1.9328e-01 -2.9600e-01 -9.7118e-02 1.8378e-01
2.1023e-01 2.0807e-01 -1.9612e-01 5.0035e-01 -2.6280e-01 -2.2022e-01 -3.0675e-01
1.9702e-01 -1.1806e-01 -1.9149e-03 1.4806e-01 3.4583e-02 -5.4383e-02 1.6377e-01
-1.4498e-01 -3.6168e-02 3.7781e-01 3.7038e-01 1.8761e-01 1.5833e-02 2.5579e-01
1.8858e-01 1.8590e-01 2.2270e-01 -4.5196e-01 -9.1675e-02 -2.3406e-01 -3.1143e-01
6.5145e-02 -1.2869e-01 -1.3646e-01 -4.3221e-01 -3.0643e-01 9.0603e-02 -4.8975e-01
4.1834e-02 -1.8759e-01 -3.9456e-01 -3.7532e-01 1.8674e-01 -3.0294e-02 1.2126e-01
2.3155e-01 5.7346e-03 -1.1747e-01 4.9426e-01 -6.4517e-02 1.5627e-01 -6.2711e-02
1.7137e-01 4.7049e-02 -2.7357e-01 5.1424e-01 -2.5387e-01 1.6424e-01 2.6847e-01
2.1660e-01 2.3475e-01 1.0390e-01 3.9841e-01 -3.0326e-01 1.5377e-01 -1.9810e-02
-2.4648e-01 2.1428e-01 6.5547e-02 3.9710e-01 -1.1253e-01 -1.7642e-01 3.2629e-01
-1.1174e-02 -4.1188e-02 -1.5686e-01 4.3606e-01 4.6372e-02 1.1779e-01 2.0167e-02
-1.5234e-01 2.4042e-01 3.4213e-01 4.5983e-01 2.6775e-01 -2.0792e-01 -7.6959e-02
1.5351e-01 8.4789e-02 1.7668e-02 5.1490e-01 3.2142e-01 1.5427e-01 2.9177e-02
3.1250e-01 2.7663e-01 2.9079e-01 1.9007e-01 2.1040e-01 1.6654e-01 -2.2213e-01
-1.0940e-01 -6.2322e-02 2.5519e-01 -5.3780e-01 2.9653e-01 -1.2638e-01 2.1528e-01
2.6950e-02 5.7869e-02 3.2665e-02 4.9751e-01 -3.3873e-02 7.5556e-02 -1.9767e-01
-8.1381e-02 -9.1522e-02 4.7655e-01 4.0692e-01 -4.6091e-02 8.4621e-02 -2.9788e-01
-2.1042e-02 -3.6736e-01 2.7509e-02 -2.4636e-01 -3.1697e-01 -8.7584e-02 2.7210e-01
2.0338e-01 9.4117e-02 -2.6989e-01 4.0159e-01 -1.6171e-01 1.3034e-01 -2.1889e-01
2.1133e-01 9.2783e-02 2.1202e-01 1.3190e-01 6.2563e-02 2.7196e-02 1.3376e-01
1.1964e-01 -2.6558e-01 2.3669e-01 4.6710e-01 -1.7374e-01 -1.0601e-01 2.6567e-02
-8.1912e-03 -3.5570e-02 -2.9163e-01 -4.9517e-01 -1.8914e-01 2.1851e-01 1.5351e-01
-2.6100e-01 2.3409e-01 -9.4012e-02 3.5728e-01 2.0117e-01 -1.3466e-01 -3.8215e-02
1.3147e-01 2.3257e-01 -3.3854e-01 2.9685e-01 3.4943e-01 5.4179e-02 7.8693e-02
-8.4820e-02 -2.6277e-01 -4.2267e-01 -3.1304e-01 -6.8748e-02 -2.4464e-01 -4.6388e-01
1.3052e-01 8.9196e-02 3.9504e-02 -4.4416e-01 6.7177e-02 -2.1748e-01 7.0570e-02
3.0854e-01 -2.2263e-01 1.1345e-01 -3.4943e-02 3.2184e-01 2.1089e-01 3.1724e-01
-2.5704e-01 9.4174e-02 4.2875e-02 2.2327e-01 -3.1768e-01 2.5974e-01 -3.5857e-01
1.4334e-01 -7.7032e-02 -2.5138e-01 2.2101e-01 1.5847e-01 2.1623e-01 1.6074e-01
-1.4812e-01 -6.8867e-02 1.0668e-01 5.2902e-01 8.9858e-02 4.7372e-02 6.9461e-02
-2.0403e-01 1.7673e-01 4.5038e-01 2.2409e-01 -1.3351e-01 -2.5790e-01 -3.2412e-02
3.7768e-02 1.9042e-01 -5.7801e-03 -1.9962e-01 3.4432e-01 1.4622e-01 -1.5878e-01
2.5930e-01 -1.7154e-01 -2.7508e-01 3.3996e-01 -2.2453e-01 -1.9569e-01 -2.8840e-01
-1.9047e-01 -3.0064e-01 -2.6134e-02 -3.4160e-01 6.4854e-02 -5.6299e-02 -1.6561e-01
-2.4383e-01 -1.9226e-01 1.5717e-01 4.8576e-01 7.2308e-02 -1.3106e-01 1.6976e-02
1.3130e-02 -4.6828e-01 8.4740e-02 2.3078e-01 4.3793e-02 1.1335e-01 -5.2127e-01
3.8658e-02 1.4097e-01 7.7563e-02 1.4556e-01 2.8273e-01 -1.4863e-01 -1.3169e-01
-2.7808e-01 -2.9822e-01 -4.8257e-01 -3.3024e-01 1.7765e-01 -8.5317e-03 1.3523e-01
2.5194e-01 2.3503e-01 2.5577e-01 2.0926e-01 4.3585e-01 -1.9863e-02 -1.5196e-01
-1.3742e-01 -4.2095e-02 -3.7731e-02 1.4376e-02 2.8230e-01 -6.0432e-03 2.8754e-01
1.4364e-01 -1.6773e-01 -1.7138e-01 -5.8116e-01 2.1905e-01 -2.7862e-02 -2.7749e-02
4.0285e-02 3.6634e-01 3.7179e-01 1.3777e-01 -1.4189e-02 3.0982e-02 2.3641e-01
8.2637e-02 -7.2906e-02 2.8027e-01 -1.2134e-01 -7.0149e-02 -2.6209e-01 4.6744e-02
2.1834e-01 -2.3410e-01 -5.5538e-02 -4.5446e-01 5.7417e-02 4.8075e-02 -3.7045e-01
8.4967e-03 -3.1291e-01 -1.7992e-01 8.2586e-02 -1.7279e-01 9.0861e-02 2.7609e-01
-2.5291e-01 7.9325e-02 -3.6001e-01 -1.1107e-01 6.4872e-02 2.3116e-01 -3.0055e-01
-2.3341e-01 1.9657e-01 3.3267e-01 -4.2529e-01 -3.2007e-01 1.3466e-02 -1.6041e-01
1.0562e-01 -2.5641e-01 -1.7474e-01 -4.5712e-01 -1.8228e-01 2.2135e-01 2.2288e-01
6.8552e-02 1.7052e-01 -4.1656e-01 -3.6179e-01 -2.1506e-01 1.1785e-01 -4.7246e-02
1.2220e-01 3.1927e-01 -4.2747e-02 1.7615e-02 -3.4029e-01 1.6045e-02 4.2294e-02
-2.8144e-01 -2.3032e-01 -1.5988e-01 4.8241e-01 2.2080e-02 -8.5862e-02 3.4448e-01
3.4441e-02 -1.1055e-01 4.5037e-02 -1.2414e-01 1.5240e-02 -2.4894e-01 -3.4399e-01
2.1803e-02 -2.4225e-01 -2.5193e-01 -2.7262e-01 -1.3442e-01 1.2075e-01 -3.8774e-01
4.5245e-02 -2.3348e-01 -3.3555e-01 4.8956e-02 -1.1575e-02 -2.2719e-01 -1.2227e-01
2.4732e-01 -3.1866e-01 -2.5879e-01 1.4260e-01 -1.6251e-01 2.1192e-01 -3.9006e-01
8.9432e-02 1.5342e-01 1.0956e-01 1.0985e-01 3.3070e-01 -1.7308e-03 -1.5070e-01
-2.2086e-01 -1.3143e-01 -6.6983e-02 4.1854e-01 7.2931e-02 -7.7622e-02 2.0440e-01
-1.3658e-01 -1.6680e-01 1.3667e-02 3.1100e-01 -1.2465e-01 6.2459e-02 -3.5262e-01
-2.8208e-01 -1.1342e-01 -2.5020e-01 -1.8935e-01 2.1936e-01 -1.8222e-01 1.8130e-01
-1.5883e-01 -5.2519e-02 1.5365e-02 -5.2860e-01 1.9414e-02 2.4120e-01 7.9894e-02
-2.2955e-01 -9.1999e-04 -2.9848e-01 4.7838e-01 -2.3156e-01 1.1769e-01 1.3389e-05
-1.2293e-01 -2.7720e-01 -2.2345e-01 4.8975e-01 -8.2397e-02 -1.8158e-01 1.0000e-01
-9.0196e-02 -9.2359e-02 -3.8651e-01 2.2019e-01 1.8707e-01 -8.2445e-02 1.0518e-01
1.2456e-01 1.0194e-01 6.4097e-02 -4.7114e-01 1.4391e-01 6.1556e-02 -4.1441e-02
1.8387e-02 -8.3521e-02 1.8777e-01 2.5203e-01 -6.2103e-02 2.9381e-02 7.4060e-02
6.6924e-02 3.2007e-01 -6.9329e-02 1.0256e-01 -1.0906e-01 1.8531e-01 3.3512e-03
2.7469e-01 -1.6898e-01 3.2162e-01 4.3150e-01 -2.3447e-01 2.2090e-01 -2.3656e-01
-3.5225e-02 4.7852e-02 -3.4207e-01 -5.4710e-01 8.0964e-02 -1.9378e-02 2.9725e-01
-3.0084e-01 -1.4467e-01 -3.2251e-01 -3.7163e-02 -3.2643e-01 -1.4391e-01 4.2391e-02
-2.2885e-01 -4.0479e-01 -1.7546e-01 -8.0411e-02 1.7130e-01 1.0379e-01 -4.0079e-01
2.5490e-02 1.5136e-01 5.4609e-01 2.3899e-01 -2.2818e-01 2.1876e-01 -1.9068e-01
-2.0712e-01 2.4849e-01 3.0050e-01 -2.1734e-01 1.4413e-02 -2.4036e-01 -1.9115e-01
-2.0529e-01 1.5277e-01 3.3415e-01 4.2568e-02 9.1479e-02 -3.2478e-02 -2.7353e-01
1.4790e-01 4.5847e-02 2.2131e-01 2.5418e-01 4.2210e-01 5.2704e-02 2.2254e-01
2.1253e-01 1.4579e-01 5.5579e-03 4.1229e-01 1.3591e-01 -1.6315e-01 -1.4380e-02
-1.6321e-01 -2.4905e-01 1.0290e-01 3.1764e-01 -5.7124e-02 -2.4370e-01 2.8674e-01
-3.4152e-01 -7.2241e-02 -3.7296e-01 -1.4904e-01 -3.1278e-01 -3.6177e-03 -6.2982e-04
1.7137e-01 -1.4736e-01 -3.1400e-01 -4.1405e-01 -7.1087e-02 -1.3714e-01 -3.3027e-02
-1.7868e-01 2.2384e-01 -7.7804e-02 3.9076e-02 -2.3208e-01 -2.2027e-01 1.5362e-01
1.2644e-01 2.0733e-01 -1.1898e-01 -2.8605e-01 -2.2119e-01 2.0854e-01 2.7724e-01
5.1167e-02 -1.6464e-01 3.0309e-01 -1.4463e-01 -4.9773e-04 -1.6973e-01 6.1597e-02
6.6266e-02 -1.1788e-01 4.2382e-01 4.1757e-01 -3.2193e-01 -1.1709e-01 -1.5496e-01
1.4149e-01 6.2318e-03 -3.3017e-01 1.9821e-01 8.6582e-04 -1.4958e-01 -7.6734e-02
3.1455e-02 8.2209e-02 2.5953e-01 4.8069e-01 -1.3703e-01 2.0513e-01 1.0199e-01
-4.5280e-02 2.0029e-01 3.0635e-01 -1.9904e-01 -2.1033e-01 -5.2590e-02 -9.2021e-02
1.2209e-01 -2.5482e-01 -3.0233e-01 4.2081e-01 2.6056e-02 -1.8169e-01 2.1008e-01
3.5722e-01 2.8999e-01 1.1192e-01 4.2003e-02 -6.8032e-02 -1.8738e-01 3.6482e-01
2.3165e-01 4.9364e-02 -3.5505e-02 4.0288e-01 1.2969e-01 2.1634e-01 -1.5887e-01
-1.4350e-01 9.9994e-02 -3.2530e-02 -5.3562e-01 3.2797e-02 -1.1180e-02 3.0263e-01
-2.0956e-01 -1.7961e-01 -1.1622e-01 3.1889e-01 1.2761e-01 -6.5047e-02 8.5576e-02
-7.5011e-02 1.6508e-01 -3.9160e-01 -3.8897e-01 -1.9238e-01 -1.2219e-02 -4.2630e-02
-1.8707e-01 -2.5604e-01 -7.5790e-02 -4.7206e-01 3.2099e-01 1.0897e-01 2.0974e-01
3.8302e-02 -1.9874e-01 -8.5465e-02 -2.7185e-01 -6.1542e-02 3.8193e-02 -2.2285e-01
-1.3507e-01 1.7111e-01 -2.1038e-01 1.2966e-02 3.6192e-01 1.0841e-02 -1.1179e-01
4.2629e-02 9.2698e-02 -3.7823e-01 2.2862e-01 3.3177e-01 -2.4310e-01 1.7285e-01
2.9643e-01 2.4336e-01 -2.9949e-02 -4.6896e-02 3.6209e-01 2.8599e-01 -1.8966e-01
-2.4122e-01 5.3468e-02 -2.9169e-01 2.9507e-01 -2.2240e-01 -2.7980e-01 -1.0147e-01
-1.1025e-01 -2.8931e-01 2.6044e-01 -4.9649e-01 1.5147e-01 -2.6656e-02 1.4927e-01
1.4304e-01 1.7761e-01 9.6971e-03 4.4994e-01 1.1930e-01 -7.4474e-02 -1.3451e-01
7.5166e-02 -1.3865e-01 -2.8412e-01 3.5992e-01 -1.5076e-01 2.3534e-01 -2.5903e-01
2.2661e-01 1.9064e-01 1.5962e-01 -3.6505e-01 -3.3760e-02 6.8516e-02 -1.0590e-01
2.4053e-01 1.8039e-02 1.4235e-01 -4.1426e-01 1.5244e-01 1.2934e-01 5.5276e-02
-2.7783e-01 9.1430e-02 7.9971e-02 3.1635e-01 2.5940e-01 1.0850e-01 2.7661e-01
-2.9943e-01 -1.9718e-01 -2.1226e-01 -4.2758e-01 -1.8343e-01 -5.5145e-02 3.0192e-01
1.5986e-01 -3.1565e-01 6.9613e-02 -3.9449e-01 -5.7644e-02 -2.1075e-02 -3.2714e-01
3.0899e-02 -7.8992e-02 -2.9288e-01 -5.0635e-01 -2.9515e-02 1.5998e-01 2.2798e-01
-1.2904e-01 -1.6046e-01 5.9355e-01 6.7298e-02 1.4946e-01 1.8412e-01 1.2625e-01
-2.8956e-01 2.5305e-01 -6.8735e-02 1.0995e-01 -1.0007e-01 -1.7930e-01 -3.2461e-01
-1.0239e-01 2.1078e-01 -3.1070e-01 -5.6899e-01 -6.8824e-03 2.3847e-01 7.6370e-02
4.6125e-02 7.3335e-02 -3.6261e-01 6.8610e-02 2.4902e-01 2.0390e-01 1.9205e-01
-4.5112e-02 -2.8589e-01 -2.7844e-01 3.8166e-01 1.6851e-01 1.3743e-01 -2.3241e-01
-2.2859e-01 1.4608e-02 2.1219e-01 3.9283e-01 4.2195e-02 -1.0683e-01 -1.2448e-01
6.7799e-02 2.0198e-01 -4.7107e-01 -4.0516e-01 -6.3912e-02 -2.4661e-01 -1.5750e-01
1.7018e-01 3.1249e-01 3.2516e-01 -1.7868e-01 4.2102e-01 -2.2163e-01 -1.3801e-01
1.1632e-01 1.5997e-02 -2.0270e-01 -4.8797e-01 2.8190e-01 -7.2572e-02 1.6872e-01
-1.0616e-01 -2.6386e-01 -8.6508e-02 1.7846e-01 -2.5129e-01 8.8302e-02 3.8395e-02
1.3754e-01 3.2195e-01 2.7812e-01 1.3861e-01 3.4154e-01 -1.7040e-02 -2.4124e-01
1.1323e-02 -1.8571e-02 1.1301e-01 5.1462e-01 -2.8863e-02 9.9897e-02 -1.4795e-01
1.8225e-01 1.0132e-01 1.4531e-01 -3.6005e-01 1.4432e-01 -1.0908e-01 2.8984e-01
-3.4222e-02 -2.8614e-01 7.1732e-02 -3.6540e-01 1.1895e-01 1.8629e-01 -1.8060e-01
-1.1483e-01 9.1795e-02 7.3430e-02 4.6650e-01 4.5767e-02 1.4895e-01 7.0710e-02
7.0017e-02 -2.1329e-01 2.9624e-01 1.3229e-01 3.6754e-01 -2.8689e-01 1.8143e-01
1.1884e-01 -1.5166e-01 -4.1479e-03 -4.6801e-01 -1.4980e-01 -3.7279e-02 2.6902e-01
-1.1163e-01 -2.1172e-01 1.1965e-01 -5.2111e-01 -2.4844e-02 1.2673e-01 6.7796e-02
-1.0045e-01 4.6225e-02 -2.5568e-01 2.6145e-01 -3.1380e-02 1.0480e-01 4.4145e-02
1.1370e-01 -2.8750e-02 2.2358e-01 4.1351e-01 -5.4291e-02 2.0690e-01 -9.8421e-02
-6.6085e-02 2.7248e-01 -6.5603e-02 -2.3176e-01 -3.6159e-01 -5.0428e-02 2.2795e-01
-4.8124e-02 -1.3159e-01 4.9577e-01 1.3298e-01 3.0603e-01 -1.3782e-01 4.9272e-02
2.0525e-01 -1.2713e-01 -3.6252e-02 -5.3179e-01 -2.6894e-04 -7.2845e-02 9.8025e-02
-1.0628e-01 3.1734e-01 -1.0565e-01 3.2468e-01 -1.6018e-01 2.2062e-01 3.0356e-01
2.7490e-01 8.5261e-02 2.0905e-01 -3.7962e-01 2.2087e-01 -1.1533e-01 -5.7649e-02
3.4987e-02 -1.0785e-01 3.2499e-01 4.5493e-01 -3.1995e-01 -8.9542e-02 -3.2923e-01
-7.3429e-02 -2.6170e-01 1.3392e-01 -5.1792e-02 -5.1679e-02 -3.3564e-01 2.4212e-02
1.6742e-01 1.5239e-01 -2.9207e-01 -3.6617e-01 2.6260e-01 -2.2437e-01 -9.3109e-02
1.7032e-01 -8.5699e-02 3.0433e-01 3.8620e-01 3.5955e-01 -7.1974e-02 2.0305e-01
1.2125e-01 2.0197e-01 -3.8363e-01 -4.8420e-02 3.3701e-01 -2.0832e-01 -1.7340e-01
8.8455e-02 -2.8978e-01 4.8857e-01 -1.3179e-02 1.6801e-01 1.5111e-01 2.5718e-01
-1.3254e-01 1.2950e-01 1.3291e-01 3.4486e-01 1.8864e-01 4.5293e-02 2.4794e-01
-2.8515e-01 -1.9414e-01 -6.5099e-02 5.5022e-03 -1.3754e-01 -2.6776e-02 1.0687e-01
2.3972e-02 3.8276e-02 2.4290e-01 4.4537e-01 2.2220e-01 1.7753e-03 7.0439e-02
5.9156e-03 -9.4971e-02 -2.7422e-01 -4.6573e-01 -8.2003e-02 4.9012e-03 9.8490e-03
-1.9333e-02 -1.9900e-01 -4.5772e-01 2.2107e-02 -1.3486e-01 -2.0825e-01 9.6119e-02
5.0838e-02 3.0738e-01 2.0311e-01 -1.3248e-01 3.3453e-01 -1.3079e-01 2.3915e-01
-7.7196e-02 1.5026e-01 2.7604e-02 -5.3338e-01 1.8096e-01 1.1334e-01 2.5669e-01
-3.4855e-02 -2.1858e-01 -2.3509e-01 4.6386e-01 2.0682e-02 -7.0727e-03 2.2539e-01
1.4035e-01 -2.6463e-02 2.5956e-01 4.0160e-01 1.7387e-01 8.6334e-02 -6.4038e-02
5.8440e-02 -2.9217e-01 -2.3591e-01 9.0443e-03 -2.8286e-01 1.9498e-01 1.0809e-02
5.8233e-02 -2.8095e-01 9.1915e-02 -4.9111e-01 5.7998e-02 2.2948e-01 -1.8271e-01
2.0650e-01 -1.9797e-01 -3.6239e-01 3.6817e-01 -1.9932e-01 -8.6148e-02 2.1004e-01
6.8675e-02 -3.5910e-02 1.6423e-01 5.2868e-01 2.6907e-02 7.3792e-02 2.4062e-01
-7.5361e-02 -2.1197e-01 9.8257e-02 2.5019e-01 -4.4183e-02 -3.4651e-02 -2.4204e-01
1.2899e-01 -1.3266e-01 -1.7608e-01 -7.6482e-02 2.3449e-01 -2.2902e-01 7.5470e-02
-2.5962e-01 -1.7235e-01 -3.0395e-01 1.6515e-01 -1.6366e-01 -8.5986e-02 -3.2355e-01
2.9187e-01 1.9853e-01 -1.1540e-02 3.1527e-01 2.8879e-01 4.3149e-02 -1.1936e-01
1.1395e-01 -9.5149e-02 -2.3450e-01 2.9791e-01 3.2398e-01 1.4517e-01 2.4805e-01
-5.6419e-02 -2.7957e-01 -1.4685e-01 5.3546e-01 -1.7869e-01 7.8013e-02 2.3276e-01
-1.5179e-01 1.8630e-01 -1.3846e-01 2.6452e-01 -1.8371e-01 3.2073e-02 -1.5948e-01
1.1751e-01 4.4471e-02 2.8931e-01 3.0438e-01 -3.1313e-01 -2.2240e-02 -8.2526e-02
-5.0788e-02 -2.6271e-01 3.3629e-01 5.1576e-01 -3.2676e-01 1.2414e-01 1.5051e-01
-1.9532e-01 2.2123e-01 7.9682e-02 -2.8211e-01 3.0758e-01 1.9970e-01 -1.6742e-01
-1.7189e-01 -2.4235e-01 -5.6730e-02 4.3356e-01 7.2508e-02 9.0427e-02 2.4621e-01
-1.7206e-01 1.1246e-01 3.7517e-01 -1.9347e-01 1.6636e-01 1.5117e-01 1.7882e-01
-1.7166e-01 1.0632e-01 -2.7836e-01 -5.6134e-01 -7.7768e-02 -1.6952e-01 -3.3983e-02
-1.1874e-01 -9.1831e-02 -9.7290e-02 -4.5752e-01 -2.0052e-01 1.6846e-01 -4.3467e-01
-2.7645e-01 7.6318e-02 1.0246e-01 2.8521e-01 -2.0848e-01 -1.7563e-04 -1.7212e-01
-2.6949e-01 -3.0174e-01 2.4872e-01 -2.8490e-01 1.6542e-01 6.4947e-02 -3.3788e-01
1.8093e-01 -3.4769e-01 2.5509e-01 3.9084e-01 -1.7550e-01 9.7272e-02 1.7862e-01
1.3722e-01 1.8444e-01 2.5900e-02 5.5198e-01 -3.5063e-02 3.8434e-02 3.0717e-01
-2.9302e-01 -1.4847e-01 -3.6816e-01 3.9795e-01 -3.1431e-01 -1.7855e-01 1.6362e-01
-6.2872e-02 -9.2871e-02 2.4749e-01 1.8881e-01 6.8530e-04 1.2808e-02 1.1234e-02
2.8414e-01 -1.3271e-01 2.5359e-01 1.2448e-02 4.1577e-01 -1.7023e-01 2.6895e-01
1.3146e-01 9.0066e-03 -3.0604e-01 4.2762e-01 -1.7550e-01 -8.9839e-02 -1.9490e-01
7.1153e-02 5.7734e-02 3.2171e-01 -3.3306e-01 1.9665e-01 1.5662e-01 1.3456e-01
8.6560e-02 2.1314e-01 -5.5931e-01 -8.0569e-02 1.7732e-01 -1.0433e-01 1.5734e-02
-4.3786e-02 -2.7350e-01 -1.1476e-01 3.5955e-01 1.1268e-02 -2.5823e-02 -3.3818e-01
1.7659e-01 -4.0035e-01 1.1174e-01 -3.2861e-01 5.0376e-02 -1.5584e-01 -3.4456e-01
-1.3374e-01 7.4854e-02 1.2917e-01 2.4858e-01 4.4126e-02 2.6998e-01 -2.1992e-01
-2.3181e-01 1.9579e-01 1.7057e-01 4.0021e-01 -8.0453e-02 -2.0461e-01 -1.0850e-01
2.1700e-01 7.5895e-02 -1.9908e-01 5.4841e-01 1.3118e-01 -7.8856e-02 2.0459e-04
-1.4171e-04 2.7993e-01 1.1151e-01 3.3383e-01 1.5473e-01 3.0665e-01 1.6949e-01
-1.6980e-01 -1.8934e-01 -2.2191e-01 -2.0565e-01 1.5033e-02 2.9360e-01 -8.5959e-02
6.6801e-02 -1.3647e-01 -5.3451e-01 -3.6474e-01 -8.7485e-02 1.3471e-01 -1.2251e-01
1.7669e-01 2.3773e-01 3.1365e-01 -1.5253e-01 2.9361e-02 -2.9803e-02 -1.4759e-01
-1.1261e-01 7.3385e-02 2.6906e-01 -1.7678e-01 8.6622e-02 -5.7690e-02 1.4071e-02
-2.0024e-01 -2.1949e-01 -1.0430e-01 -3.5575e-01 -2.4032e-01 -1.7379e-01 -1.9670e-01
-3.4794e-03 4.2749e-01 -3.0481e-01 -2.6413e-01 -1.4574e-01 -2.1205e-01 1.8178e-01
-2.7342e-01 -9.7781e-02 -3.0741e-01 -1.9524e-01 9.6364e-02 -8.5315e-02 -1.6485e-01
-1.0646e-01 -3.6628e-01 2.9031e-01 1.1981e-01 -5.4215e-02 1.7175e-01 3.8476e-01
1.3957e-02 -1.8299e-01 -2.2855e-01 -2.3926e-01 -2.0544e-01 -7.6306e-02 -4.7659e-01
-3.1112e-01 -8.1003e-02 -7.9082e-02 -8.6198e-03 1.6430e-01 -1.2593e-01 3.4177e-01
2.0083e-01 -1.2500e-01 8.5898e-03 2.9943e-02 -2.9269e-01 1.3742e-01 1.8740e-01
1.4558e-01 1.9279e-01 1.5657e-01 -3.6971e-01 3.4519e-04 -7.9070e-02 3.2638e-01
9.4175e-03 2.8561e-01 3.6797e-01 -2.7446e-01 -3.2136e-01 -1.5671e-01 -1.3418e-01
8.5533e-02 -2.9677e-01 -3.1228e-01 -6.9712e-02 1.2765e-01 -1.5929e-01 1.9108e-01
2.6675e-02 2.7865e-01 2.3975e-01 -1.5606e-01 -1.3291e-01 1.6176e-02 8.8658e-02
1.2323e-01 -1.8598e-01 -2.3710e-01 2.6620e-01 -9.0846e-04 7.8668e-02 -1.2999e-01
5.1001e-02 -1.7456e-01 -2.3548e-01 -2.1963e-01 5.4640e-02 1.4798e-02 -2.7204e-01
-1.7853e-01 -3.4777e-01 -2.3689e-01 -2.8475e-01 1.1225e-01 -1.3392e-01 -4.8814e-01
-8.7685e-02 2.3130e-01 -6.9062e-02 3.1527e-01 -1.3704e-02 -1.0489e-01 3.9440e-01
1.2023e-01 -2.9277e-01 -1.6839e-01 3.4179e-01 -1.3453e-01 2.1413e-01 -2.0007e-01
1.6408e-01 1.8535e-01 3.9361e-02 -5.3478e-01 9.0796e-02 1.5754e-01 7.3675e-02
5.9497e-02 7.5187e-02 2.3068e-01 -1.6319e-01 3.5906e-01 1.7053e-01 -2.5141e-01
-9.4485e-02 8.7472e-02 9.2485e-02 -2.5491e-01 -9.6564e-02 6.6106e-02 -4.0062e-01
3.1126e-01 7.8868e-02 1.9072e-01 -1.8723e-01 2.0121e-01 -1.3541e-04 3.6534e-01
-1.5392e-01 -1.9659e-01 1.5168e-02 -4.7818e-01 7.8510e-02 -2.0563e-02 -3.3911e-01
7.4234e-02 2.2149e-01 -6.6197e-01 -1.0774e-01 5.8238e-02 2.5301e-01 -1.4489e-01
-7.5425e-02 1.9262e-01 3.7197e-01 2.8648e-01 3.5847e-01 2.5839e-01 -1.8895e-02
-1.0794e-01 1.6973e-01 4.5280e-01 3.8160e-01 1.0568e-01 2.2817e-01 3.6861e-02
2.5428e-01 -7.8647e-02 -2.3331e-01 1.5068e-01 3.1962e-01 1.0705e-01 -1.4324e-01
-1.4521e-01 -1.8616e-01 -1.0527e-01 -2.9234e-01 4.9722e-02 1.9501e-01 -3.3760e-01
-1.8371e-02 -2.3525e-01 2.8342e-01 -3.0973e-01 4.6262e-02 -1.0574e-01 -2.0912e-01
2.6284e-01 8.8265e-02 2.7689e-01 3.8944e-01 1.9223e-01 -1.6278e-01 1.2763e-01
-2.4552e-01 -3.3692e-01 -1.1184e-01 -3.5240e-01 3.7747e-01 -1.9534e-01 3.1860e-01
-1.5098e-01 -3.9790e-01 -3.0313e-01 -1.9024e-01 -6.1451e-02 1.0726e-01 2.9978e-01
2.9101e-01 2.4169e-01 2.2078e-01 3.7782e-01 8.0786e-02 -2.1395e-01 -1.9449e-01
1.8875e-02 -3.3785e-01 2.3157e-01 8.4972e-02 1.9532e-01 1.8922e-01 -3.8958e-01
7.9762e-02 -1.6595e-01 -3.4930e-01 -3.5423e-01 9.3223e-02 -1.7913e-01 -3.6337e-01
3.4295e-03 1.2820e-02 -1.7395e-01 5.4712e-01 7.1889e-02 -4.2336e-02 3.9817e-02
7.0867e-02 1.7440e-01 -1.3342e-01 2.4288e-01 -3.3039e-01 2.3611e-02 5.1296e-03
-1.3745e-01 -2.0018e-02 -4.0678e-02 -4.4610e-01 -1.8104e-02 1.1636e-01 7.0032e-02
2.7432e-01 3.5238e-01 -9.9588e-03 -8.9630e-02 -2.3995e-01 1.7306e-02 3.0860e-01
-2.8615e-01 -1.0526e-01 -2.0540e-01 1.3987e-02 -2.5241e-01 8.3878e-02 2.5676e-02
1.4605e-01 1.8910e-01 1.4199e-01 4.3338e-01 -4.9437e-02 5.2030e-03 -1.2213e-01
-1.4817e-01 1.1199e-01 -1.1723e-02 2.0511e-01 1.5337e-01 2.2115e-02 1.2573e-02
1.7276e-01 1.1616e-01 2.5941e-01 6.5137e-02 2.0064e-01 -3.1863e-01 1.5378e-01
-5.4177e-02 9.8091e-02 2.7203e-01 -3.1312e-01 4.5453e-02 -3.3806e-02 4.4778e-02
1.0341e-01 -3.2830e-02 2.4789e-01 2.6428e-01 -3.3578e-02 -1.0187e-01 -7.5145e-02
1.7463e-01 3.0275e-01 2.2398e-05 1.9708e-01 3.3723e-01 8.6455e-03 2.3774e-01
-1.5449e-01 -9.4681e-02 1.3218e-01 3.5860e-01 3.1444e-01 1.0797e-01 1.1718e-01
-3.3778e-01 -3.3022e-01 1.8622e-02 -1.3341e-01 -2.3663e-01 -2.4143e-01 1.1517e-01
-1.1905e-01 -4.2109e-03 -4.5329e-01 -3.1356e-01 1.1046e-01 3.5275e-02 9.8197e-02
-5.8123e-02 -9.2797e-02 -7.1187e-02 4.9479e-01 -3.2282e-02 -7.8425e-02 4.3699e-02
1.9794e-01 3.1504e-01 2.4664e-01 -3.6182e-01 -5.5830e-02 1.7134e-01 3.9716e-01
-2.8367e-02 1.1272e-01 2.0848e-01 2.9818e-01 1.4995e-02 -1.9604e-02 2.8575e-01
-1.6622e-01 6.4822e-02 -1.0019e-01 -5.3047e-01 1.0323e-01 -2.0978e-01 6.1569e-02
1.0487e-01 2.8615e-01 1.6403e-02 4.9486e-01 -3.2439e-01 -2.1461e-01 -3.1872e-01
-5.9717e-02 3.7956e-02 2.1279e-01 -3.6081e-01 -1.8558e-01 1.1588e-01 -2.5160e-01
-1.6699e-01 3.9317e-01 -1.4734e-01 4.1698e-02 1.5210e-01 8.5642e-02 5.0586e-02
9.0245e-02 -3.1111e-01 2.4620e-01 6.6357e-02 -9.5457e-02 -1.3558e-01 -4.6735e-01
-3.5036e-02 3.3967e-01 1.4894e-02 2.7474e-01 -2.1054e-01 4.4238e-03 9.6726e-02
1.5105e-01 2.9558e-01 3.2182e-01 -2.0967e-02 -2.8669e-01 1.4753e-01 2.3166e-01
2.5931e-01 -4.3831e-02 3.4942e-01 -3.1970e-01 -1.5971e-01 1.2315e-01 -2.2424e-01
2.3157e-01 -1.7238e-02 1.7370e-01 -5.2177e-01 1.6406e-02 3.3262e-03 -3.5712e-02
-9.6260e-02 -1.4437e-01 2.4975e-01 -8.2557e-02 8.6735e-02 -6.0525e-02 1.1614e-01
1.6728e-01 -7.1194e-02 3.4072e-01 4.4363e-01 -1.5516e-01 -8.5272e-02 -1.9605e-01
-1.2649e-01 3.2213e-01 -1.5717e-02 -4.3903e-01 -1.4862e-01 -2.0203e-01 2.5885e-01
-4.9884e-02 -3.2678e-01 -1.9355e-01 1.7401e-01 -2.7243e-02 -1.0349e-01 3.3363e-01
-5.8895e-02 1.6334e-01 1.3387e-02 5.9606e-01 1.3450e-01 -1.4828e-01 -1.5998e-02
-2.1800e-01 -2.0280e-01 1.3197e-01 4.5307e-01 2.7464e-01 3.0546e-02 1.0561e-01
-8.3843e-02 7.1268e-03 2.2032e-01 -5.4602e-01 2.0549e-01 -2.0914e-01 -1.2529e-02
-3.7650e-02 1.1378e-01 -3.2724e-02 -5.6918e-01 1.0578e-01 1.3513e-02 -1.5054e-02
-1.8957e-01 -1.7033e-01 1.4532e-01 1.9031e-02 -1.1427e-02 2.5488e-01 1.3575e-01
-8.6639e-02 1.5601e-01 -2.9667e-01 4.1379e-01 1.3748e-01 7.3679e-03 2.5494e-02
1.1754e-01 1.7510e-01 -2.7205e-02 -5.3140e-01 1.1143e-01 -5.6314e-02 -1.8283e-01
8.2789e-02 2.0772e-01 1.4676e-01 -4.4514e-01 2.9142e-01 2.4197e-01 4.2863e-02
